-17.5;-17.264;0.0
-17.264;-17.5;0.0
-17.029;-17.5;0.0
-17.5;-17.029;0.0
-17.5;-16.793;0.0
-16.793;-17.5;0.0
-16.557;-17.5;0.0
-17.5;-16.557;0.0
-17.5;-16.322;0.0
-16.322;-17.5;0.0
-16.086;-17.5;0.0
-17.5;-16.086;0.0
-17.5;-15.85;0.0
-15.85;-17.5;0.0
-15.614;-17.5;0.0
-17.5;-15.614;0.0
-17.5;-15.379;0.0
-15.379;-17.5;0.0
-15.143;-17.5;0.0
-17.5;-15.143;0.0
-17.5;-14.907;0.0
-14.907;-17.5;0.0
-14.672;-17.5;0.0
-17.5;-14.672;0.0
-17.5;-14.436;0.0
-14.436;-17.5;0.0
-14.2;-17.5;0.0
-17.5;-14.2;0.0
-17.5;-13.965;0.0
-15.9;-15.565;0.0
-15.9;-15.329;0.0
-17.5;-13.729;0.0
-17.5;-13.493;0.0
-15.9;-15.093;0.0
-15.9;-14.857;0.0
-17.5;-13.257;0.0
-17.5;-13.022;0.0
-15.9;-14.622;0.0
-15.9;-14.386;0.0
-17.5;-12.786;0.0
-17.5;-12.55;0.0
-15.9;-14.15;0.0
-15.9;-13.915;0.0
-17.5;-12.315;0.0
-17.5;-12.079;0.0
-15.9;-13.679;0.0
-15.9;-13.443;0.0
-17.5;-11.843;0.0
-17.5;-11.608;0.0
-15.9;-13.208;0.0
-15.9;-12.972;0.0
-17.5;-11.372;0.0
-17.5;-11.136;0.0
-15.9;-12.736;0.0
-15.9;-12.5;0.0
-17.5;-10.9;0.0
-17.5;-10.665;0.0
-15.9;-12.265;0.0
-15.9;-12.029;0.0
-17.5;-10.429;0.0
-17.5;-10.193;0.0
-15.9;-11.793;0.0
-15.9;-11.558;0.0
-17.5;-9.958;0.0
-17.5;-9.722;0.0
-15.9;-11.322;0.0
-15.9;-11.086;0.0
-17.5;-9.486;0.0
-17.5;-9.251;0.0
-15.9;-10.851;0.0
-15.9;-10.615;0.0
-17.5;-9.015;0.0
-17.5;-8.779;0.0
-15.9;-10.379;0.0
-15.9;-10.143;0.0
-17.5;-8.543;0.0
-17.5;-8.308;0.0
-15.9;-9.908;0.0
-15.9;-9.672;0.0
-17.5;-8.072;0.0
-17.5;-7.836;0.0
-15.9;-9.436;0.0
-15.9;-9.201;0.0
-17.5;-7.601;0.0
-17.5;-7.365;0.0
-15.9;-8.965;0.0
-15.9;-8.729;0.0
-17.5;-7.129;0.0
-17.5;-6.893;0.0
-15.9;-8.493;0.0
-15.9;-8.258;0.0
-17.5;-6.658;0.0
-17.5;-6.422;0.0
-15.9;-8.022;0.0
-15.9;-7.786;0.0
-17.5;-6.186;0.0
-17.5;-5.951;0.0
-15.9;-7.551;0.0
-15.9;-7.315;0.0
-17.5;-5.715;0.0
-17.5;-5.479;0.0
-15.9;-7.079;0.0
-15.9;-6.844;0.0
-17.5;-5.244;0.0
-17.5;-5.008;0.0
-15.9;-6.608;0.0
-15.9;-6.372;0.0
-17.5;-4.772;0.0
-17.5;-4.536;0.0
-15.9;-6.136;0.0
-15.9;-5.901;0.0
-17.5;-4.301;0.0
-17.5;-4.065;0.0
-15.9;-5.665;0.0
-15.9;-5.429;0.0
-17.5;-3.829;0.0
-17.5;-3.594;0.0
-15.9;-5.194;0.0
-15.9;-4.958;0.0
-17.5;-3.358;0.0
-17.5;-3.122;0.0
-15.9;-4.722;0.0
-15.9;-4.487;0.0
-17.5;-2.887;0.0
-17.5;-2.651;0.0
-15.9;-4.251;0.0
-15.9;-4.015;0.0
-17.5;-2.415;0.0
-17.5;-2.179;0.0
-15.9;-3.779;0.0
-15.9;-3.544;0.0
-17.5;-1.944;0.0
-17.5;-1.708;0.0
-15.9;-3.308;0.0
-15.9;-3.072;0.0
-17.5;-1.472;0.0
-17.5;-1.237;0.0
-15.9;-2.837;0.0
-15.9;-2.601;0.0
-17.5;-1.001;0.0
-17.5;-0.765;0.0
-15.9;-2.365;0.0
-15.9;-2.13;0.0
-17.5;-0.529;0.0
-17.5;-0.294;0.0
-15.9;-1.894;0.0
-15.9;-1.658;0.0
-17.5;-0.058;0.0
-17.5;0.178;0.0
-15.9;-1.422;0.0
-15.9;-1.187;0.0
-17.5;0.413;0.0
-17.5;0.649;0.0
-15.9;-0.951;0.0
-15.9;-0.715;0.0
-17.5;0.885;0.0
-17.5;1.12;0.0
-15.9;-0.48;0.0
-15.9;-0.244;0.0
-17.5;1.356;0.0
-17.5;1.592;0.0
-15.9;-0.008;0.0
-15.9;0.228;0.0
-17.5;1.828;0.0
-17.5;2.063;0.0
-15.9;0.463;0.0
-15.9;0.699;0.0
-17.5;2.299;0.0
-17.5;2.535;0.0
-15.9;0.935;0.0
-15.9;1.17;0.0
-17.5;2.77;0.0
-17.5;3.006;0.0
-15.9;1.406;0.0
-15.9;1.642;0.0
-17.5;3.242;0.0
-17.5;3.478;0.0
-15.9;1.878;0.0
-15.9;2.113;0.0
-17.5;3.713;0.0
-17.5;3.949;0.0
-15.9;2.349;0.0
-15.9;2.585;0.0
-17.5;4.185;0.0
-17.5;4.42;0.0
-15.9;2.82;0.0
-15.9;3.056;0.0
-17.5;4.656;0.0
-17.5;4.892;0.0
-15.9;3.292;0.0
-15.9;3.527;0.0
-17.5;5.127;0.0
-17.5;5.363;0.0
-15.9;3.763;0.0
-15.9;3.999;0.0
-17.5;5.599;0.0
-17.5;5.835;0.0
-15.9;4.235;0.0
-15.9;4.47;0.0
-17.5;6.07;0.0
-17.5;6.306;0.0
-15.9;4.706;0.0
-15.9;4.942;0.0
-17.5;6.542;0.0
-17.5;6.777;0.0
-15.9;5.177;0.0
-15.9;5.413;0.0
-17.5;7.013;0.0
-17.5;7.249;0.0
-15.9;5.649;0.0
-15.9;5.884;0.0
-17.5;7.484;0.0
-17.5;7.72;0.0
-15.9;6.12;0.0
-15.9;6.356;0.0
-17.5;7.956;0.0
-17.5;8.192;0.0
-15.9;6.592;0.0
-15.9;6.827;0.0
-17.5;8.427;0.0
-17.5;8.663;0.0
-15.9;7.063;0.0
-15.9;7.299;0.0
-17.5;8.899;0.0
-17.5;9.134;0.0
-15.9;7.534;0.0
-15.9;7.77;0.0
-17.5;9.37;0.0
-17.5;9.606;0.0
-15.9;8.006;0.0
-15.9;8.241;0.0
-17.5;9.841;0.0
-17.5;10.077;0.0
-15.9;8.477;0.0
-15.9;8.713;0.0
-17.5;10.313;0.0
-17.5;10.549;0.0
-15.9;8.949;0.0
-15.9;9.184;0.0
-17.5;10.784;0.0
-17.5;11.02;0.0
-15.9;9.42;0.0
-15.9;9.656;0.0
-17.5;11.256;0.0
-17.5;11.491;0.0
-15.9;9.891;0.0
-15.9;10.127;0.0
-17.5;11.727;0.0
-17.5;11.963;0.0
-15.9;10.363;0.0
-15.9;10.598;0.0
-17.5;12.198;0.0
-17.5;12.434;0.0
-15.9;10.834;0.0
-15.9;11.07;0.0
-17.5;12.67;0.0
-17.5;12.906;0.0
-15.9;11.306;0.0
-15.9;11.541;0.0
-17.5;13.141;0.0
-17.5;13.377;0.0
-15.9;11.777;0.0
-15.9;12.013;0.0
-17.5;13.613;0.0
-17.5;13.848;0.0
-15.9;12.248;0.0
-15.9;12.484;0.0
-17.5;14.084;0.0
-17.5;14.32;0.0
-15.9;12.72;0.0
-15.9;12.956;0.0
-17.5;14.556;0.0
-17.5;14.791;0.0
-15.9;13.191;0.0
-15.9;13.427;0.0
-17.5;15.027;0.0
-17.5;15.263;0.0
-15.9;13.663;0.0
-15.9;13.898;0.0
-17.5;15.498;0.0
-17.5;15.734;0.0
-15.9;14.134;0.0
-15.9;14.37;0.0
-17.5;15.97;0.0
-17.5;16.205;0.0
-15.9;14.605;0.0
-15.9;14.841;0.0
-17.5;16.441;0.0
-17.5;16.677;0.0
-15.9;15.077;0.0
-15.9;15.313;0.0
-17.5;16.913;0.0
-17.5;17.148;0.0
-15.9;15.548;0.0
-15.9;15.784;0.0
-17.5;17.384;0.0
-17.38;17.5;0.0
-15.9;16.02;0.0
-15.745;16.1;0.0
-17.145;17.5;0.0
-16.909;17.5;0.0
-15.509;16.1;0.0
-15.273;16.1;0.0
-16.673;17.5;0.0
-16.438;17.5;0.0
-15.038;16.1;0.0
-14.802;16.1;0.0
-16.202;17.5;0.0
-15.966;17.5;0.0
-14.566;16.1;0.0
-14.331;16.1;0.0
-15.731;17.5;0.0
-15.495;17.5;0.0
-14.095;16.1;0.0
-13.859;16.1;0.0
-15.259;17.5;0.0
-15.023;17.5;0.0
-13.623;16.1;0.0
-13.388;16.1;0.0
-14.788;17.5;0.0
-14.552;17.5;0.0
-13.152;16.1;0.0
-12.916;16.1;0.0
-14.316;17.5;0.0
-14.081;17.5;0.0
-12.681;16.1;0.0
-12.445;16.1;0.0
-13.845;17.5;0.0
-13.609;17.5;0.0
-12.209;16.1;0.0
-11.974;16.1;0.0
-13.374;17.5;0.0
-13.138;17.5;0.0
-11.738;16.1;0.0
-11.502;16.1;0.0
-12.902;17.5;0.0
-12.666;17.5;0.0
-11.266;16.1;0.0
-11.031;16.1;0.0
-12.431;17.5;0.0
-12.195;17.5;0.0
-10.795;16.1;0.0
-10.559;16.1;0.0
-11.959;17.5;0.0
-11.724;17.5;0.0
-10.324;16.1;0.0
-10.088;16.1;0.0
-11.488;17.5;0.0
-11.252;17.5;0.0
-9.852;16.1;0.0
-9.617;16.1;0.0
-11.017;17.5;0.0
-10.781;17.5;0.0
-9.381;16.1;0.0
-9.145;16.1;0.0
-10.545;17.5;0.0
-10.309;17.5;0.0
-8.909;16.1;0.0
-8.674;16.1;0.0
-10.074;17.5;0.0
-9.838;17.5;0.0
-8.438;16.1;0.0
-8.202;16.1;0.0
-9.602;17.5;0.0
-9.367;17.5;0.0
-7.967;16.1;0.0
-7.731;16.1;0.0
-9.131;17.5;0.0
-8.895;17.5;0.0
-7.495;16.1;0.0
-7.259;16.1;0.0
-8.659;17.5;0.0
-8.424;17.5;0.0
-7.024;16.1;0.0
-6.788;16.1;0.0
-8.188;17.5;0.0
-7.952;17.5;0.0
-6.552;16.1;0.0
-6.317;16.1;0.0
-7.717;17.5;0.0
-7.481;17.5;0.0
-6.081;16.1;0.0
-5.845;16.1;0.0
-7.245;17.5;0.0
-7.01;17.5;0.0
-5.61;16.1;0.0
-5.374;16.1;0.0
-6.774;17.5;0.0
-6.538;17.5;0.0
-5.138;16.1;0.0
-4.902;16.1;0.0
-6.302;17.5;0.0
-6.067;17.5;0.0
-4.667;16.1;0.0
-4.431;16.1;0.0
-5.831;17.5;0.0
-5.595;17.5;0.0
-4.195;16.1;0.0
-3.96;16.1;0.0
-5.36;17.5;0.0
-5.124;17.5;0.0
-3.724;16.1;0.0
-3.488;16.1;0.0
-4.888;17.5;0.0
-4.653;17.5;0.0
-3.253;16.1;0.0
-3.017;16.1;0.0
-4.417;17.5;0.0
-4.181;17.5;0.0
-2.781;16.1;0.0
-2.545;16.1;0.0
-3.945;17.5;0.0
-3.71;17.5;0.0
-2.31;16.1;0.0
-2.074;16.1;0.0
-3.474;17.5;0.0
-3.238;17.5;0.0
-1.838;16.1;0.0
-1.603;16.1;0.0
-3.003;17.5;0.0
-2.767;17.5;0.0
-1.367;16.1;0.0
-1.131;16.1;0.0
-2.531;17.5;0.0
-2.296;17.5;0.0
-0.896;16.1;0.0
-0.66;16.1;0.0
-2.06;17.5;0.0
-1.824;17.5;0.0
-0.424;16.1;0.0
-0.188;16.1;0.0
-1.588;17.5;0.0
-1.353;17.5;0.0
0.047;16.1;0.0
0.283;16.1;0.0
-1.117;17.5;0.0
-0.881;17.5;0.0
0.519;16.1;0.0
0.754;16.1;0.0
-0.646;17.5;0.0
-0.41;17.5;0.0
0.99;16.1;0.0
1.226;16.1;0.0
-0.174;17.5;0.0
0.062;17.5;0.0
1.462;16.1;0.0
1.697;16.1;0.0
0.297;17.5;0.0
0.533;17.5;0.0
1.933;16.1;0.0
2.169;16.1;0.0
0.769;17.5;0.0
1.004;17.5;0.0
2.404;16.1;0.0
2.64;16.1;0.0
1.24;17.5;0.0
1.476;17.5;0.0
2.876;16.1;0.0
3.112;16.1;0.0
1.712;17.5;0.0
1.947;17.5;0.0
3.347;16.1;0.0
3.583;16.1;0.0
2.183;17.5;0.0
2.419;17.5;0.0
3.819;16.1;0.0
4.054;16.1;0.0
2.654;17.5;0.0
2.89;17.5;0.0
4.29;16.1;0.0
4.526;16.1;0.0
3.126;17.5;0.0
3.361;17.5;0.0
4.761;16.1;0.0
4.997;16.1;0.0
3.597;17.5;0.0
3.833;17.5;0.0
5.233;16.1;0.0
5.469;16.1;0.0
4.069;17.5;0.0
4.304;17.5;0.0
5.704;16.1;0.0
5.94;16.1;0.0
4.54;17.5;0.0
4.776;17.5;0.0
6.176;16.1;0.0
6.411;16.1;0.0
5.011;17.5;0.0
5.247;17.5;0.0
6.647;16.1;0.0
6.883;16.1;0.0
5.483;17.5;0.0
5.718;17.5;0.0
7.118;16.1;0.0
7.354;16.1;0.0
5.954;17.5;0.0
6.19;17.5;0.0
7.59;16.1;0.0
7.826;16.1;0.0
6.426;17.5;0.0
6.661;17.5;0.0
8.061;16.1;0.0
8.297;16.1;0.0
6.897;17.5;0.0
7.133;17.5;0.0
8.533;16.1;0.0
8.768;16.1;0.0
7.368;17.5;0.0
7.604;17.5;0.0
9.004;16.1;0.0
9.24;16.1;0.0
7.84;17.5;0.0
8.075;17.5;0.0
9.475;16.1;0.0
9.711;16.1;0.0
8.311;17.5;0.0
8.547;17.5;0.0
9.947;16.1;0.0
10.183;16.1;0.0
8.783;17.5;0.0
9.018;17.5;0.0
10.418;16.1;0.0
10.654;16.1;0.0
9.254;17.5;0.0
9.49;17.5;0.0
10.89;16.1;0.0
11.125;16.1;0.0
9.725;17.5;0.0
9.961;17.5;0.0
11.361;16.1;0.0
11.597;16.1;0.0
10.197;17.5;0.0
10.433;17.5;0.0
11.833;16.1;0.0
12.068;16.1;0.0
10.668;17.5;0.0
10.904;17.5;0.0
12.304;16.1;0.0
12.54;16.1;0.0
11.14;17.5;0.0
11.375;17.5;0.0
12.775;16.1;0.0
13.011;16.1;0.0
11.611;17.5;0.0
11.847;17.5;0.0
13.247;16.1;0.0
13.482;16.1;0.0
12.082;17.5;0.0
12.318;17.5;0.0
13.718;16.1;0.0
13.954;16.1;0.0
12.554;17.5;0.0
12.79;17.5;0.0
14.19;16.1;0.0
14.425;16.1;0.0
13.025;17.5;0.0
13.261;17.5;0.0
14.661;16.1;0.0
14.897;16.1;0.0
13.497;17.5;0.0
13.732;17.5;0.0
15.132;16.1;0.0
15.368;16.1;0.0
13.968;17.5;0.0
14.204;17.5;0.0
15.604;16.1;0.0
15.839;16.1;0.0
14.439;17.5;0.0
14.675;17.5;0.0
16.075;16.1;0.0
16.1;16.075;0.0
17.5;14.675;0.0
17.5;14.439;0.0
16.1;15.839;0.0
16.1;15.604;0.0
17.5;14.204;0.0
17.5;13.968;0.0
16.1;15.368;0.0
16.1;15.132;0.0
17.5;13.732;0.0
17.5;13.497;0.0
16.1;14.897;0.0
16.1;14.661;0.0
17.5;13.261;0.0
17.5;13.025;0.0
16.1;14.425;0.0
16.1;14.19;0.0
17.5;12.79;0.0
17.5;12.554;0.0
16.1;13.954;0.0
16.1;13.718;0.0
17.5;12.318;0.0
17.5;12.082;0.0
16.1;13.482;0.0
16.1;13.247;0.0
17.5;11.847;0.0
17.5;11.611;0.0
16.1;13.011;0.0
16.1;12.775;0.0
17.5;11.375;0.0
17.5;11.14;0.0
16.1;12.54;0.0
16.1;12.304;0.0
17.5;10.904;0.0
17.5;10.668;0.0
16.1;12.068;0.0
16.1;11.833;0.0
17.5;10.433;0.0
17.5;10.197;0.0
16.1;11.597;0.0
16.1;11.361;0.0
17.5;9.961;0.0
17.5;9.725;0.0
16.1;11.125;0.0
16.1;10.89;0.0
17.5;9.49;0.0
17.5;9.254;0.0
16.1;10.654;0.0
16.1;10.418;0.0
17.5;9.018;0.0
17.5;8.783;0.0
16.1;10.183;0.0
16.1;9.947;0.0
17.5;8.547;0.0
17.5;8.311;0.0
16.1;9.711;0.0
16.1;9.475;0.0
17.5;8.075;0.0
17.5;7.84;0.0
16.1;9.24;0.0
16.1;9.004;0.0
17.5;7.604;0.0
17.5;7.368;0.0
16.1;8.768;0.0
16.1;8.533;0.0
17.5;7.133;0.0
17.5;6.897;0.0
16.1;8.297;0.0
16.1;8.061;0.0
17.5;6.661;0.0
17.5;6.426;0.0
16.1;7.826;0.0
16.1;7.59;0.0
17.5;6.19;0.0
17.5;5.954;0.0
16.1;7.354;0.0
16.1;7.118;0.0
17.5;5.718;0.0
17.5;5.483;0.0
16.1;6.883;0.0
16.1;6.647;0.0
17.5;5.247;0.0
17.5;5.011;0.0
16.1;6.411;0.0
16.1;6.176;0.0
17.5;4.776;0.0
17.5;4.54;0.0
16.1;5.94;0.0
16.1;5.704;0.0
17.5;4.304;0.0
17.5;4.069;0.0
16.1;5.469;0.0
16.1;5.233;0.0
17.5;3.833;0.0
17.5;3.597;0.0
16.1;4.997;0.0
16.1;4.761;0.0
17.5;3.361;0.0
17.5;3.126;0.0
16.1;4.526;0.0
16.1;4.29;0.0
17.5;2.89;0.0
17.5;2.654;0.0
16.1;4.054;0.0
16.1;3.819;0.0
17.5;2.419;0.0
17.5;2.183;0.0
16.1;3.583;0.0
16.1;3.347;0.0
17.5;1.947;0.0
17.5;1.712;0.0
16.1;3.112;0.0
16.1;2.876;0.0
17.5;1.476;0.0
17.5;1.24;0.0
16.1;2.64;0.0
16.1;2.404;0.0
17.5;1.004;0.0
17.5;0.769;0.0
16.1;2.169;0.0
16.1;1.933;0.0
17.5;0.533;0.0
17.5;0.297;0.0
16.1;1.697;0.0
16.1;1.462;0.0
17.5;0.062;0.0
17.5;-0.174;0.0
16.1;1.226;0.0
16.1;0.99;0.0
17.5;-0.41;0.0
17.5;-0.646;0.0
16.1;0.754;0.0
16.1;0.519;0.0
17.5;-0.881;0.0
17.5;-1.117;0.0
16.1;0.283;0.0
16.1;0.047;0.0
17.5;-1.353;0.0
17.5;-1.588;0.0
16.1;-0.188;0.0
16.1;-0.424;0.0
17.5;-1.824;0.0
17.5;-2.06;0.0
16.1;-0.66;0.0
16.1;-0.896;0.0
17.5;-2.296;0.0
17.5;-2.531;0.0
16.1;-1.131;0.0
16.1;-1.367;0.0
17.5;-2.767;0.0
17.5;-3.003;0.0
16.1;-1.603;0.0
16.1;-1.838;0.0
17.5;-3.238;0.0
17.5;-3.474;0.0
16.1;-2.074;0.0
16.1;-2.31;0.0
17.5;-3.71;0.0
17.5;-3.945;0.0
16.1;-2.545;0.0
16.1;-2.781;0.0
17.5;-4.181;0.0
17.5;-4.417;0.0
16.1;-3.017;0.0
16.1;-3.253;0.0
17.5;-4.653;0.0
17.5;-4.888;0.0
16.1;-3.488;0.0
16.1;-3.724;0.0
17.5;-5.124;0.0
17.5;-5.36;0.0
16.1;-3.96;0.0
16.1;-4.195;0.0
17.5;-5.595;0.0
17.5;-5.831;0.0
16.1;-4.431;0.0
16.1;-4.667;0.0
17.5;-6.067;0.0
17.5;-6.302;0.0
16.1;-4.902;0.0
16.1;-5.138;0.0
17.5;-6.538;0.0
17.5;-6.774;0.0
16.1;-5.374;0.0
16.1;-5.61;0.0
17.5;-7.01;0.0
17.5;-7.245;0.0
16.1;-5.845;0.0
16.1;-6.081;0.0
17.5;-7.481;0.0
17.5;-7.717;0.0
16.1;-6.317;0.0
16.1;-6.552;0.0
17.5;-7.952;0.0
17.5;-8.188;0.0
16.1;-6.788;0.0
16.1;-7.024;0.0
17.5;-8.424;0.0
17.5;-8.659;0.0
16.1;-7.259;0.0
16.1;-7.495;0.0
17.5;-8.895;0.0
17.5;-9.131;0.0
16.1;-7.731;0.0
16.1;-7.967;0.0
17.5;-9.367;0.0
17.5;-9.602;0.0
16.1;-8.202;0.0
16.1;-8.438;0.0
17.5;-9.838;0.0
17.5;-10.074;0.0
16.1;-8.674;0.0
16.1;-8.909;0.0
17.5;-10.309;0.0
17.5;-10.545;0.0
16.1;-9.145;0.0
16.1;-9.381;0.0
17.5;-10.781;0.0
17.5;-11.017;0.0
16.1;-9.617;0.0
16.1;-9.852;0.0
17.5;-11.252;0.0
17.5;-11.488;0.0
16.1;-10.088;0.0
16.1;-10.324;0.0
17.5;-11.724;0.0
17.5;-11.959;0.0
16.1;-10.559;0.0
16.1;-10.795;0.0
17.5;-12.195;0.0
17.5;-12.431;0.0
16.1;-11.031;0.0
16.1;-11.266;0.0
17.5;-12.666;0.0
17.5;-12.902;0.0
16.1;-11.502;0.0
16.1;-11.738;0.0
17.5;-13.138;0.0
17.5;-13.374;0.0
16.1;-11.974;0.0
16.1;-12.209;0.0
17.5;-13.609;0.0
17.5;-13.845;0.0
16.1;-12.445;0.0
16.1;-12.681;0.0
17.5;-14.081;0.0
17.5;-14.316;0.0
16.1;-12.916;0.0
16.1;-13.152;0.0
17.5;-14.552;0.0
17.5;-14.788;0.0
16.1;-13.388;0.0
16.1;-13.623;0.0
17.5;-15.023;0.0
17.5;-15.259;0.0
16.1;-13.859;0.0
16.1;-14.095;0.0
17.5;-15.495;0.0
17.5;-15.731;0.0
16.1;-14.331;0.0
16.1;-14.566;0.0
17.5;-15.966;0.0
17.5;-16.202;0.0
16.1;-14.802;0.0
16.1;-15.038;0.0
17.5;-16.438;0.0
17.5;-16.673;0.0
16.1;-15.273;0.0
16.1;-15.509;0.0
17.5;-16.909;0.0
17.5;-17.145;0.0
16.1;-15.745;0.0
15.92;-15.8;0.0
17.5;-17.38;0.0
17.384;-17.5;0.0
15.684;-15.8;0.0
15.448;-15.8;0.0
17.148;-17.5;0.0
16.913;-17.5;0.0
15.213;-15.8;0.0
14.977;-15.8;0.0
16.677;-17.5;0.0
16.441;-17.5;0.0
14.741;-15.8;0.0
14.505;-15.8;0.0
16.205;-17.5;0.0
15.97;-17.5;0.0
14.27;-15.8;0.0
14.034;-15.8;0.0
15.734;-17.5;0.0
15.498;-17.5;0.0
13.798;-15.8;0.0
13.563;-15.8;0.0
15.263;-17.5;0.0
15.027;-17.5;0.0
13.327;-15.8;0.0
13.091;-15.8;0.0
14.791;-17.5;0.0
14.556;-17.5;0.0
12.856;-15.8;0.0
12.62;-15.8;0.0
14.32;-17.5;0.0
14.084;-17.5;0.0
12.384;-15.8;0.0
12.148;-15.8;0.0
13.848;-17.5;0.0
13.613;-17.5;0.0
11.913;-15.8;0.0
11.677;-15.8;0.0
13.377;-17.5;0.0
13.141;-17.5;0.0
11.441;-15.8;0.0
11.206;-15.8;0.0
12.906;-17.5;0.0
12.67;-17.5;0.0
10.97;-15.8;0.0
10.734;-15.8;0.0
12.434;-17.5;0.0
12.198;-17.5;0.0
10.498;-15.8;0.0
10.263;-15.8;0.0
11.963;-17.5;0.0
11.727;-17.5;0.0
10.027;-15.8;0.0
9.791;-15.8;0.0
11.491;-17.5;0.0
11.256;-17.5;0.0
9.556;-15.8;0.0
9.32;-15.8;0.0
11.02;-17.5;0.0
10.784;-17.5;0.0
9.084;-15.8;0.0
8.849;-15.8;0.0
10.549;-17.5;0.0
10.313;-17.5;0.0
8.613;-15.8;0.0
8.377;-15.8;0.0
10.077;-17.5;0.0
9.841;-17.5;0.0
8.141;-15.8;0.0
7.906;-15.8;0.0
9.606;-17.5;0.0
9.37;-17.5;0.0
7.67;-15.8;0.0
7.434;-15.8;0.0
9.134;-17.5;0.0
8.899;-17.5;0.0
7.199;-15.8;0.0
6.963;-15.8;0.0
8.663;-17.5;0.0
8.427;-17.5;0.0
6.727;-15.8;0.0
6.492;-15.8;0.0
8.192;-17.5;0.0
7.956;-17.5;0.0
6.256;-15.8;0.0
6.02;-15.8;0.0
7.72;-17.5;0.0
7.484;-17.5;0.0
5.784;-15.8;0.0
5.549;-15.8;0.0
7.249;-17.5;0.0
7.013;-17.5;0.0
5.313;-15.8;0.0
5.077;-15.8;0.0
6.777;-17.5;0.0
6.542;-17.5;0.0
4.842;-15.8;0.0
4.606;-15.8;0.0
6.306;-17.5;0.0
6.07;-17.5;0.0
4.37;-15.8;0.0
4.135;-15.8;0.0
5.835;-17.5;0.0
5.599;-17.5;0.0
3.899;-15.8;0.0
3.663;-15.8;0.0
5.363;-17.5;0.0
5.127;-17.5;0.0
3.427;-15.8;0.0
3.192;-15.8;0.0
4.892;-17.5;0.0
4.656;-17.5;0.0
2.956;-15.8;0.0
2.72;-15.8;0.0
4.42;-17.5;0.0
4.185;-17.5;0.0
2.485;-15.8;0.0
2.249;-15.8;0.0
3.949;-17.5;0.0
3.713;-17.5;0.0
2.013;-15.8;0.0
1.778;-15.8;0.0
3.478;-17.5;0.0
3.242;-17.5;0.0
1.542;-15.8;0.0
1.306;-15.8;0.0
3.006;-17.5;0.0
2.77;-17.5;0.0
1.07;-15.8;0.0
0.835;-15.8;0.0
2.535;-17.5;0.0
2.299;-17.5;0.0
0.599;-15.8;0.0
0.363;-15.8;0.0
2.063;-17.5;0.0
1.828;-17.5;0.0
0.128;-15.8;0.0
-0.108;-15.8;0.0
1.592;-17.5;0.0
1.356;-17.5;0.0
-0.344;-15.8;0.0
-0.58;-15.8;0.0
1.12;-17.5;0.0
0.885;-17.5;0.0
-0.815;-15.8;0.0
-1.051;-15.8;0.0
0.649;-17.5;0.0
0.413;-17.5;0.0
-1.287;-15.8;0.0
-1.522;-15.8;0.0
0.178;-17.5;0.0
-0.058;-17.5;0.0
-1.758;-15.8;0.0
-1.994;-15.8;0.0
-0.294;-17.5;0.0
-0.529;-17.5;0.0
-2.23;-15.8;0.0
-2.465;-15.8;0.0
-0.765;-17.5;0.0
-1.001;-17.5;0.0
-2.701;-15.8;0.0
-2.937;-15.8;0.0
-1.237;-17.5;0.0
-1.472;-17.5;0.0
-3.172;-15.8;0.0
-3.408;-15.8;0.0
-1.708;-17.5;0.0
-1.944;-17.5;0.0
-3.644;-15.8;0.0
-3.879;-15.8;0.0
-2.179;-17.5;0.0
-2.415;-17.5;0.0
-4.115;-15.8;0.0
-4.351;-15.8;0.0
-2.651;-17.5;0.0
-2.887;-17.5;0.0
-4.587;-15.8;0.0
-4.822;-15.8;0.0
-3.122;-17.5;0.0
-3.358;-17.5;0.0
-5.058;-15.8;0.0
-5.294;-15.8;0.0
-3.594;-17.5;0.0
-3.829;-17.5;0.0
-5.529;-15.8;0.0
-5.765;-15.8;0.0
-4.065;-17.5;0.0
-4.301;-17.5;0.0
-6.001;-15.8;0.0
-6.236;-15.8;0.0
-4.536;-17.5;0.0
-4.772;-17.5;0.0
-6.472;-15.8;0.0
-6.708;-15.8;0.0
-5.008;-17.5;0.0
-5.244;-17.5;0.0
-6.944;-15.8;0.0
-7.179;-15.8;0.0
-5.479;-17.5;0.0
-5.715;-17.5;0.0
-7.415;-15.8;0.0
-7.651;-15.8;0.0
-5.951;-17.5;0.0
-6.186;-17.5;0.0
-7.886;-15.8;0.0
-8.122;-15.8;0.0
-6.422;-17.5;0.0
-6.658;-17.5;0.0
-8.358;-15.8;0.0
-8.593;-15.8;0.0
-6.893;-17.5;0.0
-7.129;-17.5;0.0
-8.829;-15.8;0.0
-9.065;-15.8;0.0
-7.365;-17.5;0.0
-7.601;-17.5;0.0
-9.301;-15.8;0.0
-9.536;-15.8;0.0
-7.836;-17.5;0.0
-8.072;-17.5;0.0
-9.772;-15.8;0.0
-10.008;-15.8;0.0
-8.308;-17.5;0.0
-8.543;-17.5;0.0
-10.243;-15.8;0.0
-10.479;-15.8;0.0
-8.779;-17.5;0.0
-9.015;-17.5;0.0
-10.715;-15.8;0.0
-10.951;-15.8;0.0
-9.251;-17.5;0.0
-9.486;-17.5;0.0
-11.186;-15.8;0.0
-11.422;-15.8;0.0
-9.722;-17.5;0.0
-9.958;-17.5;0.0
-11.658;-15.8;0.0
-11.893;-15.8;0.0
-10.193;-17.5;0.0
-10.429;-17.5;0.0
-12.129;-15.8;0.0
-12.365;-15.8;0.0
-10.665;-17.5;0.0
-10.9;-17.5;0.0
-12.6;-15.8;0.0
-12.836;-15.8;0.0
-11.136;-17.5;0.0
-11.372;-17.5;0.0
-13.072;-15.8;0.0
-13.308;-15.8;0.0
-11.608;-17.5;0.0
-11.843;-17.5;0.0
-13.543;-15.8;0.0
-13.779;-15.8;0.0
-12.079;-17.5;0.0
-12.315;-17.5;0.0
-14.015;-15.8;0.0
-14.25;-15.8;0.0
-12.55;-17.5;0.0
-12.786;-17.5;0.0
-14.486;-15.8;0.0
-14.722;-15.8;0.0
-13.022;-17.5;0.0
-13.257;-17.5;0.0
-14.957;-15.8;0.0
-15.193;-15.8;0.0
-13.493;-17.5;0.0
-13.729;-17.5;0.0
-15.429;-15.8;0.0
-15.665;-15.8;0.0
-13.965;-17.5;0.0
-11.786;-11.9;0.0
-11.9;-11.786;0.0
-11.9;-11.551;0.0
-11.551;-11.9;0.0
-11.315;-11.9;0.0
-11.9;-11.315;0.0
-11.9;-11.079;0.0
-11.079;-11.9;0.0
-10.844;-11.9;0.0
-11.9;-10.844;0.0
-11.9;-10.608;0.0
-10.608;-11.9;0.0
-10.372;-11.9;0.0
-11.9;-10.372;0.0
-11.9;-10.136;0.0
-10.136;-11.9;0.0
-9.901;-11.9;0.0
-11.9;-9.901;0.0
-11.9;-9.665;0.0
-9.665;-11.9;0.0
-9.429;-11.9;0.0
-11.9;-9.429;0.0
-11.9;-9.194;0.0
-9.194;-11.9;0.0
-8.958;-11.9;0.0
-11.9;-8.958;0.0
-11.9;-8.722;0.0
-8.722;-11.9;0.0
-8.487;-11.9;0.0
-11.9;-8.487;0.0
-11.9;-8.251;0.0
-8.251;-11.9;0.0
-8.015;-11.9;0.0
-11.9;-8.015;0.0
-11.779;-7.9;0.0
-7.9;-11.779;0.0
-7.9;-11.544;0.0
-11.544;-7.9;0.0
-11.308;-7.9;0.0
-7.9;-11.308;0.0
-7.9;-11.072;0.0
-11.072;-7.9;0.0
-10.837;-7.9;0.0
-7.9;-10.837;0.0
-7.9;-10.601;0.0
-10.601;-7.9;0.0
-10.365;-7.9;0.0
-7.9;-10.365;0.0
-7.9;-10.13;0.0
-10.13;-7.9;0.0
-9.894;-7.9;0.0
-7.9;-9.894;0.0
-7.9;-9.658;0.0
-9.658;-7.9;0.0
-9.422;-7.9;0.0
-7.9;-9.422;0.0
-7.9;-9.187;0.0
-9.187;-7.9;0.0
-8.951;-7.9;0.0
-7.9;-8.951;0.0
-7.9;-8.715;0.0
-8.715;-7.9;0.0
-8.48;-7.9;0.0
-7.9;-8.48;0.0
-7.9;-8.244;0.0
-8.244;-7.9;0.0
-8.008;-7.9;0.0
-7.9;-8.008;0.0
-3.9;-7.766;0.0
-3.766;-7.9;0.0
-3.53;-7.9;0.0
-3.9;-7.53;0.0
-3.9;-7.294;0.0
-3.294;-7.9;0.0
-3.058;-7.9;0.0
-3.9;-7.058;0.0
-3.9;-6.823;0.0
-2.823;-7.9;0.0
-2.587;-7.9;0.0
-3.9;-6.587;0.0
-3.9;-6.351;0.0
-2.351;-7.9;0.0
-2.116;-7.9;0.0
-3.9;-6.116;0.0
-3.9;-5.88;0.0
-1.88;-7.9;0.0
-1.644;-7.9;0.0
-3.9;-5.644;0.0
-3.9;-5.409;0.0
-1.409;-7.9;0.0
-1.173;-7.9;0.0
-3.9;-5.173;0.0
-3.9;-4.937;0.0
-0.937;-7.9;0.0
-0.701;-7.9;0.0
-3.9;-4.701;0.0
-3.9;-4.466;0.0
-0.466;-7.9;0.0
-0.23;-7.9;0.0
-3.9;-4.23;0.0
-3.9;-3.994;0.0
0.006;-7.9;0.0
0.1;-7.994;0.0
4.006;-11.9;0.0
4.241;-11.9;0.0
0.241;-7.9;0.0
0.1;-7.759;0.0
-11.9;4.241;0.0
-11.9;4.477;0.0
0.1;-7.523;0.0
0.1;-7.287;0.0
-11.9;4.713;0.0
-11.9;4.949;0.0
0.1;-7.052;0.0
0.1;-6.816;0.0
-11.9;5.184;0.0
-11.9;5.42;0.0
0.1;-6.58;0.0
0.1;-6.344;0.0
-11.9;5.656;0.0
-11.9;5.891;0.0
0.1;-6.109;0.0
0.1;-5.873;0.0
-11.9;6.127;0.0
-11.9;6.363;0.0
0.1;-5.637;0.0
0.1;-5.402;0.0
-11.9;6.598;0.0
-11.9;6.834;0.0
0.1;-5.166;0.0
0.1;-4.93;0.0
-11.9;7.07;0.0
-11.9;7.306;0.0
0.1;-4.695;0.0
0.1;-4.459;0.0
-11.9;7.541;0.0
-11.9;7.777;0.0
0.1;-4.223;0.0
0.1;-3.987;0.0
-11.9;8.013;0.0
-11.752;8.1;0.0
-7.9;4.248;0.0
-7.752;4.1;0.0
-3.9;0.248;0.0
-3.752;0.1;0.0
0.1;-3.752;0.0
0.1;-3.516;0.0
-3.516;0.1;0.0
-3.28;0.1;0.0
0.1;-3.28;0.0
0.1;-3.045;0.0
-3.045;0.1;0.0
-2.809;0.1;0.0
0.1;-2.809;0.0
0.1;-2.573;0.0
-2.573;0.1;0.0
-2.337;0.1;0.0
0.1;-2.337;0.0
0.1;-2.102;0.0
-2.102;0.1;0.0
-1.866;0.1;0.0
0.1;-1.866;0.0
0.1;-1.63;0.0
-1.63;0.1;0.0
-1.395;0.1;0.0
0.1;-1.395;0.0
0.1;-1.159;0.0
-1.159;0.1;0.0
-0.923;0.1;0.0
0.1;-0.923;0.0
0.1;-0.688;0.0
-0.688;0.1;0.0
-0.452;0.1;0.0
0.1;-0.452;0.0
0.1;-0.216;0.0
-0.216;0.1;0.0
0.02;0.1;0.0
0.1;0.02;0.0
0.255;0.1;0.0
0.1;0.255;0.0
0.1;0.491;0.0
0.491;0.1;0.0
0.727;0.1;0.0
0.1;0.727;0.0
0.1;0.962;0.0
0.962;0.1;0.0
1.198;0.1;0.0
0.1;1.198;0.0
0.1;1.434;0.0
1.434;0.1;0.0
1.67;0.1;0.0
0.1;1.67;0.0
0.1;1.905;0.0
1.905;0.1;0.0
2.141;0.1;0.0
0.1;2.141;0.0
0.1;2.377;0.0
2.377;0.1;0.0
2.612;0.1;0.0
0.1;2.612;0.0
0.1;2.848;0.0
2.848;0.1;0.0
3.084;0.1;0.0
0.1;3.084;0.0
0.1;3.319;0.0
3.319;0.1;0.0
3.555;0.1;0.0
0.1;3.555;0.0
0.1;3.791;0.0
3.791;0.1;0.0
4.027;0.1;0.0
0.1;4.027;0.0
0.262;4.1;0.0
4.262;0.1;0.0
4.498;0.1;0.0
0.498;4.1;0.0
0.734;4.1;0.0
4.734;0.1;0.0
4.969;0.1;0.0
0.969;4.1;0.0
1.205;4.1;0.0
5.205;0.1;0.0
5.441;0.1;0.0
1.441;4.1;0.0
1.676;4.1;0.0
5.676;0.1;0.0
5.912;0.1;0.0
1.912;4.1;0.0
2.148;4.1;0.0
6.148;0.1;0.0
6.384;0.1;0.0
2.384;4.1;0.0
2.619;4.1;0.0
6.619;0.1;0.0
6.855;0.1;0.0
2.855;4.1;0.0
3.091;4.1;0.0
7.091;0.1;0.0
7.326;0.1;0.0
3.326;4.1;0.0
3.562;4.1;0.0
7.562;0.1;0.0
7.798;0.1;0.0
3.798;4.1;0.0
4.034;4.1;0.0
8.034;0.1;0.0
8.269;0.1;0.0
4.1;4.269;0.0
4.1;4.505;0.0
8.505;0.1;0.0
8.741;0.1;0.0
4.1;4.741;0.0
4.1;4.976;0.0
8.976;0.1;0.0
9.212;0.1;0.0
4.1;5.212;0.0
4.1;5.448;0.0
9.448;0.1;0.0
9.683;0.1;0.0
4.1;5.683;0.0
4.1;5.919;0.0
9.919;0.1;0.0
10.155;0.1;0.0
4.1;6.155;0.0
4.1;6.391;0.0
10.391;0.1;0.0
10.626;0.1;0.0
4.1;6.626;0.0
4.1;6.862;0.0
10.862;0.1;0.0
11.098;0.1;0.0
4.1;7.098;0.0
4.1;7.333;0.0
11.333;0.1;0.0
11.569;0.1;0.0
4.1;7.569;0.0
4.1;7.805;0.0
11.805;0.1;0.0
12.04;0.1;0.0
4.1;8.04;0.0
4.04;8.1;0.0
0.1;12.04;0.0
0.276;12.1;0.0
12.1;0.276;0.0
12.1;0.512;0.0
0.512;12.1;0.0
0.747;12.1;0.0
12.1;0.747;0.0
12.1;0.983;0.0
0.983;12.1;0.0
1.219;12.1;0.0
12.1;1.219;0.0
12.1;1.455;0.0
1.455;12.1;0.0
1.69;12.1;0.0
12.1;1.69;0.0
12.1;1.926;0.0
1.926;12.1;0.0
2.162;12.1;0.0
12.1;2.162;0.0
12.1;2.397;0.0
2.397;12.1;0.0
2.633;12.1;0.0
12.1;2.633;0.0
12.1;2.869;0.0
2.869;12.1;0.0
3.105;12.1;0.0
12.1;3.105;0.0
12.1;3.34;0.0
3.34;12.1;0.0
3.576;12.1;0.0
12.1;3.576;0.0
12.1;3.812;0.0
3.812;12.1;0.0
4.047;12.1;0.0
12.1;4.047;0.0
12.1;4.283;0.0
4.283;12.1;0.0
4.519;12.1;0.0
12.1;4.519;0.0
12.1;4.754;0.0
4.754;12.1;0.0
4.99;12.1;0.0
12.1;4.99;0.0
12.1;5.226;0.0
5.226;12.1;0.0
5.462;12.1;0.0
12.1;5.462;0.0
12.1;5.697;0.0
5.697;12.1;0.0
5.933;12.1;0.0
12.1;5.933;0.0
12.1;6.169;0.0
6.169;12.1;0.0
6.404;12.1;0.0
12.1;6.404;0.0
12.1;6.64;0.0
6.64;12.1;0.0
6.876;12.1;0.0
12.1;6.876;0.0
12.1;7.112;0.0
7.112;12.1;0.0
7.347;12.1;0.0
12.1;7.347;0.0
12.1;7.583;0.0
7.583;12.1;0.0
7.819;12.1;0.0
12.1;7.819;0.0
12.1;8.054;0.0
8.054;12.1;0.0
8.29;12.1;0.0
12.1;8.29;0.0
12.1;8.526;0.0
8.526;12.1;0.0
8.761;12.1;0.0
12.1;8.761;0.0
12.1;8.997;0.0
8.997;12.1;0.0
9.233;12.1;0.0
12.1;9.233;0.0
12.1;9.469;0.0
9.469;12.1;0.0
9.704;12.1;0.0
12.1;9.704;0.0
12.1;9.94;0.0
9.94;12.1;0.0
10.176;12.1;0.0
12.1;10.176;0.0
12.1;10.411;0.0
10.411;12.1;0.0
10.647;12.1;0.0
12.1;10.647;0.0
12.1;10.883;0.0
10.883;12.1;0.0
11.118;12.1;0.0
12.1;11.118;0.0
12.1;11.354;0.0
11.354;12.1;0.0
11.59;12.1;0.0
12.1;11.59;0.0
12.1;11.826;0.0
11.826;12.1;0.0
12.061;12.1;0.0
12.1;12.061;0.0
17.5;14.911;0.0
14.911;17.5;0.0
15.147;17.5;0.0
17.5;15.147;0.0
17.5;15.382;0.0
15.382;17.5;0.0
15.618;17.5;0.0
17.5;15.618;0.0
17.5;15.854;0.0
15.854;17.5;0.0
16.089;17.5;0.0
17.5;16.089;0.0
17.5;16.325;0.0
16.325;17.5;0.0
16.561;17.5;0.0
17.5;16.561;0.0
17.5;16.796;0.0
16.796;17.5;0.0
17.032;17.5;0.0
17.5;17.032;0.0
17.5;17.268;0.0
17.268;17.5;0.0
3.569;8.1;0.0
0.1;11.569;0.0
0.1;11.333;0.0
3.333;8.1;0.0
3.098;8.1;0.0
0.1;11.098;0.0
0.1;10.862;0.0
2.862;8.1;0.0
2.626;8.1;0.0
0.1;10.626;0.0
0.1;10.391;0.0
2.391;8.1;0.0
2.155;8.1;0.0
0.1;10.155;0.0
0.1;9.919;0.0
1.919;8.1;0.0
1.683;8.1;0.0
0.1;9.683;0.0
0.1;9.448;0.0
1.448;8.1;0.0
1.212;8.1;0.0
0.1;9.212;0.0
0.1;8.976;0.0
0.976;8.1;0.0
0.741;8.1;0.0
0.1;8.741;0.0
0.1;8.505;0.0
0.505;8.1;0.0
0.269;8.1;0.0
0.1;8.269;0.0
0.1;11.805;0.0
3.805;8.1;0.0
-3.98;4.1;0.0
-3.9;4.02;0.0
-3.9;3.784;0.0
-4.216;4.1;0.0
-4.452;4.1;0.0
-3.9;3.548;0.0
-3.9;3.313;0.0
-4.688;4.1;0.0
-4.923;4.1;0.0
-3.9;3.077;0.0
-3.9;2.841;0.0
-5.159;4.1;0.0
-5.395;4.1;0.0
-3.9;2.605;0.0
-3.9;2.37;0.0
-5.63;4.1;0.0
-5.866;4.1;0.0
-3.9;2.134;0.0
-3.9;1.898;0.0
-6.102;4.1;0.0
-6.337;4.1;0.0
-3.9;1.663;0.0
-3.9;1.427;0.0
-6.573;4.1;0.0
-6.809;4.1;0.0
-3.9;1.191;0.0
-3.9;0.956;0.0
-7.045;4.1;0.0
-7.28;4.1;0.0
-3.9;0.72;0.0
-3.9;0.484;0.0
-7.516;4.1;0.0
-7.9;4.484;0.0
-11.516;8.1;0.0
-11.28;8.1;0.0
-7.9;4.72;0.0
-7.9;4.956;0.0
-11.045;8.1;0.0
-10.809;8.1;0.0
-7.9;5.191;0.0
-7.9;5.427;0.0
-10.573;8.1;0.0
-10.337;8.1;0.0
-7.9;5.663;0.0
-7.9;5.898;0.0
-10.102;8.1;0.0
-9.866;8.1;0.0
-7.9;6.134;0.0
-7.9;6.37;0.0
-9.63;8.1;0.0
-9.395;8.1;0.0
-7.9;6.605;0.0
-7.9;6.841;0.0
-9.159;8.1;0.0
-8.923;8.1;0.0
-7.9;7.077;0.0
-7.9;7.313;0.0
-8.688;8.1;0.0
-8.452;8.1;0.0
-7.9;7.548;0.0
-7.9;7.784;0.0
-8.216;8.1;0.0
-7.98;8.1;0.0
-7.9;8.02;0.0
-11.9;4.006;0.0
-7.994;0.1;0.0
-7.9;0.006;0.0
-3.994;-3.9;0.0
-4.23;-3.9;0.0
-7.9;-0.23;0.0
-7.9;-0.466;0.0
-4.466;-3.9;0.0
-4.701;-3.9;0.0
-7.9;-0.701;0.0
-7.9;-0.937;0.0
-4.937;-3.9;0.0
-5.173;-3.9;0.0
-7.9;-1.173;0.0
-7.9;-1.409;0.0
-5.409;-3.9;0.0
-5.644;-3.9;0.0
-7.9;-1.644;0.0
-7.9;-1.88;0.0
-5.88;-3.9;0.0
-6.116;-3.9;0.0
-7.9;-2.116;0.0
-7.9;-2.351;0.0
-6.351;-3.9;0.0
-6.587;-3.9;0.0
-7.9;-2.587;0.0
-7.9;-2.823;0.0
-6.823;-3.9;0.0
-7.058;-3.9;0.0
-7.9;-3.058;0.0
-7.9;-3.294;0.0
-7.294;-3.9;0.0
-7.53;-3.9;0.0
-7.9;-3.53;0.0
-7.9;-3.766;0.0
-7.766;-3.9;0.0
-8.23;0.1;0.0
-11.9;3.77;0.0
-11.9;3.534;0.0
-8.466;0.1;0.0
-8.701;0.1;0.0
-11.9;3.299;0.0
-11.9;3.063;0.0
-8.937;0.1;0.0
-9.173;0.1;0.0
-11.9;2.827;0.0
-11.9;2.592;0.0
-9.409;0.1;0.0
-9.644;0.1;0.0
-11.9;2.356;0.0
-11.9;2.12;0.0
-9.88;0.1;0.0
-10.116;0.1;0.0
-11.9;1.884;0.0
-11.9;1.649;0.0
-10.351;0.1;0.0
-10.587;0.1;0.0
-11.9;1.413;0.0
-11.9;1.177;0.0
-10.823;0.1;0.0
-11.058;0.1;0.0
-11.9;0.942;0.0
-11.9;0.706;0.0
-11.294;0.1;0.0
-11.53;0.1;0.0
-11.9;0.47;0.0
-11.9;0.235;0.0
-11.766;0.1;0.0
0.477;-7.9;0.0
4.477;-11.9;0.0
4.713;-11.9;0.0
0.713;-7.9;0.0
0.949;-7.9;0.0
4.949;-11.9;0.0
5.184;-11.9;0.0
1.184;-7.9;0.0
1.42;-7.9;0.0
5.42;-11.9;0.0
5.656;-11.9;0.0
1.656;-7.9;0.0
1.891;-7.9;0.0
5.891;-11.9;0.0
6.127;-11.9;0.0
2.127;-7.9;0.0
2.363;-7.9;0.0
6.363;-11.9;0.0
6.598;-11.9;0.0
2.598;-7.9;0.0
2.834;-7.9;0.0
6.834;-11.9;0.0
7.07;-11.9;0.0
3.07;-7.9;0.0
3.306;-7.9;0.0
7.306;-11.9;0.0
7.541;-11.9;0.0
3.541;-7.9;0.0
3.777;-7.9;0.0
7.777;-11.9;0.0
8.0;-11.887;0.0
4.013;-7.9;0.0
4.1;-7.752;0.0
8.0;-11.652;0.0
8.0;-11.416;0.0
4.1;-7.516;0.0
4.1;-7.28;0.0
8.0;-11.18;0.0
8.0;-10.945;0.0
4.1;-7.045;0.0
4.1;-6.809;0.0
8.0;-10.709;0.0
8.0;-10.473;0.0
4.1;-6.573;0.0
4.1;-6.337;0.0
8.0;-10.237;0.0
8.0;-10.002;0.0
4.1;-6.102;0.0
4.1;-5.866;0.0
8.0;-9.766;0.0
8.0;-9.53;0.0
4.1;-5.63;0.0
4.1;-5.395;0.0
8.0;-9.295;0.0
8.0;-9.059;0.0
4.1;-5.159;0.0
4.1;-4.923;0.0
8.0;-8.823;0.0
8.0;-8.588;0.0
4.1;-4.688;0.0
4.1;-4.452;0.0
8.0;-8.352;0.0
8.0;-8.116;0.0
4.1;-4.216;0.0
4.1;-3.98;0.0
8.0;-7.88;0.0
8.0;-7.645;0.0
4.255;-3.9;0.0
4.491;-3.9;0.0
8.0;-7.409;0.0
8.0;-7.173;0.0
4.727;-3.9;0.0
4.962;-3.9;0.0
8.0;-6.938;0.0
8.0;-6.702;0.0
5.198;-3.9;0.0
5.434;-3.9;0.0
8.0;-6.466;0.0
8.0;-6.231;0.0
5.67;-3.9;0.0
5.905;-3.9;0.0
8.0;-5.995;0.0
8.0;-5.759;0.0
6.141;-3.9;0.0
6.377;-3.9;0.0
8.0;-5.523;0.0
8.0;-5.288;0.0
6.612;-3.9;0.0
6.848;-3.9;0.0
8.0;-5.052;0.0
8.0;-4.816;0.0
7.084;-3.9;0.0
7.319;-3.9;0.0
8.0;-4.581;0.0
8.0;-4.345;0.0
7.555;-3.9;0.0
7.791;-3.9;0.0
8.0;-4.109;0.0
3.77;-11.9;0.0
0.1;-8.23;0.0
0.1;-8.466;0.0
3.534;-11.9;0.0
3.299;-11.9;0.0
0.1;-8.701;0.0
0.1;-8.937;0.0
3.063;-11.9;0.0
2.827;-11.9;0.0
0.1;-9.173;0.0
0.1;-9.409;0.0
2.592;-11.9;0.0
2.356;-11.9;0.0
0.1;-9.644;0.0
0.1;-9.88;0.0
2.12;-11.9;0.0
1.884;-11.9;0.0
0.1;-10.116;0.0
0.1;-10.351;0.0
1.649;-11.9;0.0
1.413;-11.9;0.0
0.1;-10.587;0.0
0.1;-10.823;0.0
1.177;-11.9;0.0
0.942;-11.9;0.0
0.1;-11.058;0.0
0.1;-11.294;0.0
0.706;-11.9;0.0
0.47;-11.9;0.0
0.1;-11.53;0.0
0.1;-11.766;0.0
0.235;-11.9;0.0
-9.9;-11.9;0.0
-11.9;-11.9;0.0
-11.9;-9.9;0.0
-11.9;-7.9;0.0
-9.9;-7.9;0.0
-7.9;-7.9;0.0
-7.9;-9.9;0.0
-7.9;-11.9;0.0
-9.9;-11.9;0.0
0.1;-15.8;0.0
16.1;-15.8;0.0
16.1;0.15;0.0
16.1;16.1;0.0
0.1;16.1;0.0
-15.9;16.1;0.0
-15.9;0.15;0.0
-15.9;-15.8;0.0
0.1;-15.8;0.0
0.0;-17.5;0.0
-17.5;-17.5;0.0
-17.5;0.0;0.0
-17.5;17.5;0.0
0.0;17.5;0.0
17.5;17.5;0.0
17.5;0.0;0.0
17.5;-17.5;0.0
0.0;-17.5;0.0
4.05;-11.9;0.0
0.1;-11.9;0.0
0.1;-9.9;0.0
0.1;-7.9;0.0
-1.9;-7.9;0.0
-3.9;-7.9;0.0
-3.9;-5.9;0.0
-3.9;-3.9;0.0
-5.9;-3.9;0.0
-7.9;-3.9;0.0
-7.9;-1.9;0.0
-7.9;0.1;0.0
-9.9;0.1;0.0
-11.9;0.1;0.0
-11.9;4.1;0.0
-11.9;8.1;0.0
-9.9;8.1;0.0
-7.9;8.1;0.0
-7.9;6.1;0.0
-7.9;4.1;0.0
-5.9;4.1;0.0
-3.9;4.1;0.0
-3.9;2.1;0.0
-3.9;0.1;0.0
-1.9;0.1;0.0
0.1;0.1;0.0
0.1;2.1;0.0
0.1;4.1;0.0
2.1;4.1;0.0
4.1;4.1;0.0
4.1;6.1;0.0
4.1;8.1;0.0
2.1;8.1;0.0
0.1;8.1;0.0
0.1;10.1;0.0
0.1;12.1;0.0
6.1;12.1;0.0
12.1;12.1;0.0
12.1;6.1;0.0
12.1;0.1;0.0
6.1;0.1;0.0
0.1;0.1;0.0
0.1;-3.9;0.0
0.1;-7.9;0.0
2.1;-7.9;0.0
4.1;-7.9;0.0
4.1;-5.9;0.0
4.1;-3.9;0.0
6.05;-3.9;0.0
8.0;-3.9;0.0
8.0;-7.9;0.0
8.0;-11.9;0.0
