-12.308;-63.008;0.0
-12.606;-62.71;0.0
-9.736;-63.223;0.0
-9.532;-63.427;0.0
-9.357;-63.603;0.0
-9.153;-63.807;0.0
-8.681;-63.807;0.0
-9.398;-63.09;0.0
-8.927;-63.09;0.0
-8.21;-63.807;0.0
-7.739;-63.807;0.0
-8.598;-62.947;0.0
-8.363;-62.71;0.0
-7.267;-63.807;0.0
-6.796;-63.807;0.0
-7.892;-62.71;0.0
-7.421;-62.71;0.0
-7.122;-63.009;0.0
-7.041;-63.09;0.0
-6.743;-63.388;0.0
-5.945;-64.186;0.0
-5.186;-64.945;0.0
-4.888;-64.772;0.0
-5.604;-64.055;0.0
-5.382;-63.807;0.0
-4.623;-64.565;0.0
-4.508;-64.209;0.0
-4.91;-63.807;0.0
-5.225;-63.02;0.0
-5.156;-63.09;0.0
-4.888;-62.886;0.0
-5.225;-62.549;0.0
-5.443;-62.331;0.0
-5.604;-62.17;0.0
-5.351;-61.951;0.0
-4.888;-62.415;0.0
-6.018;-60.813;0.0
-6.743;-60.088;0.0
-6.643;-59.717;0.0
-5.604;-60.755;0.0
-5.412;-60.476;0.0
-6.363;-59.525;0.0
-6.363;-59.054;0.0
-5.225;-60.192;0.0
-4.888;-60.058;0.0
-5.987;-58.958;0.0
-5.896;-58.579;0.0
-4.757;-59.717;0.0
-4.508;-59.495;0.0
-5.604;-58.398;0.0
-5.604;-57.927;0.0
-4.508;-59.023;0.0
-4.129;-58.931;0.0
-5.225;-57.835;0.0
-5.225;-57.364;0.0
-4.129;-58.46;0.0
-4.129;-57.988;0.0
-5.014;-57.103;0.0
-4.888;-56.758;0.0
-3.784;-57.862;0.0
-3.749;-57.425;0.0
-4.83;-56.344;0.0
-4.888;-56.287;0.0
-5.604;-55.57;0.0
-5.681;-55.965;0.0
-5.225;-56.421;0.0
-5.394;-56.724;0.0
-6.153;-55.965;0.0
-6.363;-56.225;0.0
-6.244;-56.344;0.0
-5.984;-56.605;0.0
-5.865;-56.724;0.0
-4.508;-56.195;0.0
-3.749;-56.954;0.0
-3.749;-56.482;0.0
-5.363;-54.868;0.0
-5.604;-55.098;0.0
-4.738;-55.965;0.0
-3.37;-55.919;0.0
-5.225;-54.064;0.0
-5.087;-53.73;0.0
-3.37;-55.447;0.0
-3.37;-54.976;0.0
-4.888;-53.458;0.0
-4.861;-53.013;0.0
-3.37;-54.505;0.0
-3.37;-54.033;0.0
-4.508;-52.895;0.0
-4.508;-52.423;0.0
-3.202;-53.73;0.0
-2.99;-53.47;0.0
-4.888;-51.573;0.0
-5.057;-51.875;0.0
-4.677;-52.254;0.0
-5.149;-52.254;0.0
-5.225;-52.178;0.0
-4.888;-51.101;0.0
-2.99;-52.998;0.0
-2.99;-52.527;0.0
-5.225;-50.292;0.0
-5.225;-49.821;0.0
-2.99;-52.056;0.0
-2.99;-51.584;0.0
-5.225;-49.35;0.0
-4.888;-49.216;0.0
-2.987;-51.116;0.0
-2.611;-51.021;0.0
-4.888;-48.744;0.0
-4.888;-48.273;0.0
-2.611;-50.549;0.0
-2.611;-50.078;0.0
-4.888;-47.801;0.0
-4.888;-47.33;0.0
-2.577;-49.64;0.0
-2.274;-49.473;0.0
-4.888;-46.859;0.0
-4.628;-46.647;0.0
-2.274;-49.001;0.0
-2.274;-48.53;0.0
-4.508;-46.295;0.0
-4.536;-46.268;0.0
-4.888;-45.916;0.0
-5.225;-45.107;0.0
-2.274;-48.058;0.0
-2.274;-47.587;0.0
-5.069;-44.792;0.0
-4.888;-44.501;0.0
-2.274;-47.115;0.0
-2.271;-46.647;0.0
-4.885;-44.033;0.0
-4.508;-43.938;0.0
-1.894;-46.552;0.0
-1.894;-46.081;0.0
-4.508;-43.467;0.0
-4.508;-42.995;0.0
-1.894;-45.609;0.0
-1.894;-45.138;0.0
-6.743;-40.289;0.0
-6.801;-40.702;0.0
-4.567;-42.937;0.0
-5.038;-42.937;0.0
-5.225;-42.75;0.0
-5.418;-42.557;0.0
-7.122;-40.853;0.0
-7.122;-41.324;0.0
-7.027;-41.419;0.0
-6.743;-41.704;0.0
-6.648;-41.798;0.0
-6.363;-42.083;0.0
-6.268;-42.178;0.0
-5.984;-42.462;0.0
-5.889;-42.557;0.0
-7.089;-39.943;0.0
-7.122;-39.91;0.0
-7.122;-39.439;0.0
-1.769;-44.792;0.0
-1.515;-44.575;0.0
-7.122;-38.967;0.0
-7.122;-38.496;0.0
-1.515;-44.103;0.0
-1.493;-43.654;0.0
-6.743;-38.404;0.0
-6.743;-37.932;0.0
-1.135;-43.54;0.0
-1.135;-43.068;0.0
-6.743;-37.461;0.0
-6.403;-37.329;0.0
-1.135;-42.597;0.0
-1.083;-42.178;0.0
-6.363;-36.898;0.0
-6.69;-36.571;0.0
-6.743;-36.518;0.0
-6.743;-36.047;0.0
-0.756;-42.034;0.0
-0.756;-41.562;0.0
-6.743;-35.575;0.0
-6.743;-35.104;0.0
-0.756;-41.091;0.0
-0.673;-40.702;0.0
-6.743;-34.633;0.0
-6.568;-34.336;0.0
-0.376;-40.527;0.0
-0.11;-40.323;0.0
-6.363;-34.069;0.0
-6.363;-33.598;0.0
2.238;-42.199;0.0
2.688;-42.178;0.0
-5.154;-34.336;0.0
-5.225;-34.265;0.0
-5.533;-33.957;0.0
-5.604;-33.885;0.0
-5.913;-33.577;0.0
-5.984;-33.506;0.0
-6.25;-33.24;0.0
-6.721;-33.24;0.0
-6.384;-33.577;0.0
-4.682;-34.336;0.0
-4.508;-34.51;0.0
-4.303;-34.715;0.0
3.334;-42.352;0.0
3.068;-42.557;0.0
2.954;-42.444;0.0
2.575;-43.007;0.0
2.504;-42.937;0.0
2.238;-42.67;0.0
-0.039;-40.393;0.0
-0.039;-40.865;0.0
2.954;-43.858;0.0
2.954;-43.387;0.0
2.884;-43.316;0.0
2.954;-44.33;0.0
0.34;-41.716;0.0
0.044;-41.419;0.0
-0.039;-41.336;0.0
0.34;-42.187;0.0
2.954;-44.801;0.0
2.853;-45.171;0.0
0.34;-42.658;0.0
0.34;-43.13;0.0
0.527;-43.316;0.0
0.72;-43.509;0.0
2.575;-45.364;0.0
2.575;-45.836;0.0
0.72;-43.981;0.0
1.099;-44.832;0.0
2.575;-46.307;0.0
2.443;-46.647;0.0
1.099;-45.303;0.0
1.099;-45.774;0.0
1.213;-45.888;0.0
1.479;-46.154;0.0
2.238;-46.913;0.0
2.238;-47.384;0.0
1.479;-46.625;0.0
3.334;-41.881;0.0
-3.452;-35.095;0.0
-3.749;-34.798;0.0
-3.831;-34.715;0.0
-2.99;-35.085;0.0
-2.222;-35.854;0.0
-1.894;-36.181;0.0
-0.376;-37.699;0.0
-0.367;-37.709;0.0
3.713;-41.789;0.0
3.713;-41.317;0.0
0.105;-37.709;0.0
0.34;-37.473;0.0
3.713;-40.846;0.0
4.041;-40.702;0.0
3.662;-40.323;0.0
3.334;-39.995;0.0
-0.039;-36.622;0.0
-0.039;-36.151;0.0
3.754;-39.943;0.0
4.225;-39.943;0.0
0.135;-35.854;0.0
0.34;-35.587;0.0
4.696;-39.943;0.0
5.168;-39.943;0.0
0.34;-35.116;0.0
0.72;-35.024;0.0
5.639;-39.943;0.0
5.948;-39.781;0.0
0.72;-34.553;0.0
0.503;-34.336;0.0
-0.039;-33.794;0.0
-0.039;-33.322;0.0
6.203;-39.564;0.0
6.327;-39.217;0.0
4.819;-37.709;0.0
5.29;-37.709;0.0
6.766;-39.185;0.0
7.237;-39.185;0.0
5.762;-37.709;0.0
6.233;-37.709;0.0
7.709;-39.185;0.0
8.18;-39.185;0.0
6.327;-37.332;0.0
6.796;-37.329;0.0
9.031;-39.564;0.0
9.502;-39.564;0.0
7.268;-37.329;0.0
7.739;-37.329;0.0
9.974;-39.564;0.0
10.825;-39.943;0.0
7.803;-36.922;0.0
7.452;-36.571;0.0
0.72;-29.839;0.0
0.84;-29.487;0.0
11.296;-39.943;0.0
11.555;-40.203;0.0
11.675;-40.323;0.0
11.935;-40.111;0.0
10.629;-38.805;0.0
10.417;-38.593;0.0
1.099;-29.275;0.0
1.099;-28.804;0.0
10.721;-38.426;0.0
11.192;-38.426;0.0
1.495;-28.729;0.0
1.967;-28.729;0.0
11.664;-38.426;0.0
11.935;-38.225;0.0
2.438;-28.729;0.0
2.91;-28.729;0.0
11.935;-37.754;0.0
11.935;-37.282;0.0
3.334;-28.681;0.0
3.044;-28.391;0.0
-9.736;-15.611;0.0
-10.026;-15.321;0.0
-10.073;-15.274;0.0
-10.073;-14.803;0.0
12.074;-36.95;0.0
12.272;-36.677;0.0
-10.832;-13.572;0.0
-10.832;-14.044;0.0
-10.693;-14.183;0.0
-10.453;-14.423;0.0
-10.314;-14.562;0.0
-10.832;-13.101;0.0
10.796;-34.73;0.0
11.254;-34.715;0.0
-7.839;-15.623;0.0
-7.669;-15.321;0.0
10.417;-33.407;0.0
10.587;-33.577;0.0
11.725;-34.715;0.0
11.935;-34.454;0.0
11.437;-33.957;0.0
11.176;-33.695;0.0
11.058;-33.577;0.0
10.721;-33.24;0.0
-7.459;-15.06;0.0
-7.459;-14.588;0.0
10.037;-32.085;0.0
10.054;-32.101;0.0
10.417;-32.465;0.0
10.433;-32.481;0.0
11.192;-33.24;0.0
11.555;-33.131;0.0
10.905;-32.481;0.0
11.376;-32.481;0.0
11.755;-32.86;0.0
11.935;-32.568;0.0
11.847;-32.481;0.0
11.088;-31.722;0.0
1.858;-22.492;0.0
1.771;-22.404;0.0
-7.459;-13.174;0.0
-7.547;-13.087;0.0
-7.839;-12.795;0.0
-8.218;-13.358;0.0
-8.489;-13.087;0.0
-8.598;-12.978;0.0
-10.453;-11.123;0.0
-10.453;-10.652;0.0
-8.598;-12.507;0.0
-8.598;-12.036;0.0
-8.685;-11.948;0.0
-8.598;-11.564;0.0
-8.593;-11.569;0.0
-8.977;-11.656;0.0
-10.54;-10.093;0.0
-10.453;-9.709;0.0
-8.977;-11.185;0.0
-8.977;-10.713;0.0
-10.453;-9.238;0.0
-10.736;-8.955;0.0
-15.301;-4.389;0.0
-15.676;-4.486;0.0
-10.832;-9.33;0.0
-10.832;-9.801;0.0
-15.768;-4.865;0.0
-16.06;-5.045;0.0
-10.632;-10.473;0.0
-11.103;-10.473;0.0
-16.06;-5.516;0.0
-16.06;-5.987;0.0
-11.212;-10.836;0.0
-11.33;-11.19;0.0
-16.44;-6.079;0.0
-16.649;-6.341;0.0
-11.591;-11.399;0.0
-11.591;-11.871;0.0
-16.819;-6.643;0.0
-17.157;-6.777;0.0
-16.833;-7.1;0.0
-16.819;-7.114;0.0
-11.985;-11.948;0.0
-12.308;-12.097;0.0
-16.925;-7.479;0.0
-17.157;-7.72;0.0
-12.308;-12.568;0.0
-12.64;-12.707;0.0
-17.489;-7.859;0.0
-17.536;-8.283;0.0
-12.687;-13.131;0.0
-12.824;-13.466;0.0
-17.536;-8.754;0.0
-17.536;-9.226;0.0
-13.067;-13.695;0.0
-13.067;-14.166;0.0
-17.536;-9.697;0.0
-17.991;-9.714;0.0
-13.446;-14.258;0.0
-13.613;-14.562;0.0
-18.295;-9.881;0.0
-18.295;-10.353;0.0
-18.175;-10.473;0.0
-17.915;-10.732;0.0
-13.826;-14.822;0.0
-14.177;-14.942;0.0
-17.929;-11.19;0.0
-18.295;-11.295;0.0
-14.269;-15.321;0.0
-14.585;-15.477;0.0
-18.295;-11.767;0.0
-18.585;-11.948;0.0
-14.832;-15.701;0.0
-14.922;-16.082;0.0
-18.674;-12.33;0.0
-18.674;-12.801;0.0
-15.058;-16.418;0.0
-15.301;-16.646;0.0
-18.674;-13.273;0.0
-18.952;-13.466;0.0
-15.622;-16.797;0.0
-15.714;-17.176;0.0
-19.424;-13.466;0.0
-19.433;-13.928;0.0
-16.06;-17.301;0.0
-16.06;-17.772;0.0
-19.433;-14.4;0.0
-19.742;-14.562;0.0
-16.369;-17.935;0.0
-16.461;-18.315;0.0
-19.771;-15.005;0.0
-19.834;-14.942;0.0
-20.15;-14.626;0.0
-19.771;-15.477;0.0
-16.819;-18.428;0.0
-16.819;-18.899;0.0
-20.018;-15.701;0.0
-20.15;-16.04;0.0
-17.157;-19.033;0.0
-17.25;-19.411;0.0
-20.529;-16.132;0.0
-20.529;-16.603;0.0
-17.536;-19.597;0.0
-17.814;-19.79;0.0
-20.529;-17.075;0.0
-20.529;-17.546;0.0
-17.915;-20.16;0.0
-18.295;-20.252;0.0
-20.909;-17.638;0.0
-21.083;-17.935;0.0
-18.469;-20.549;0.0
-18.674;-20.815;0.0
-21.554;-17.935;0.0
-21.668;-18.293;0.0
-19.032;-20.929;0.0
-19.054;-21.379;0.0
-21.78;-18.652;0.0
-22.047;-18.857;0.0
-19.258;-21.646;0.0
-19.73;-21.646;0.0
-22.344;-19.032;0.0
-22.764;-18.611;0.0
-23.44;-17.935;0.0
-23.143;-17.761;0.0
-22.589;-18.315;0.0
-22.385;-18.048;0.0
-22.877;-17.556;0.0
-22.764;-17.197;0.0
-22.385;-17.577;0.0
-22.047;-17.442;0.0
-22.313;-17.176;0.0
-23.523;-18.324;0.0
-19.822;-22.025;0.0
-20.15;-22.168;0.0
-23.523;-18.795;0.0
-23.523;-19.267;0.0
-20.385;-22.404;0.0
-20.529;-22.732;0.0
-23.143;-20.118;0.0
-23.183;-20.549;0.0
-20.909;-22.823;0.0
-21.04;-23.163;0.0
-23.523;-20.681;0.0
-23.523;-21.152;0.0
-21.288;-23.387;0.0
-21.646;-23.501;0.0
-23.523;-21.624;0.0
-23.902;-21.716;0.0
-21.668;-23.95;0.0
-21.83;-24.26;0.0
-24.064;-22.025;0.0
-24.282;-22.279;0.0
-22.301;-24.26;0.0
-22.393;-24.639;0.0
-22.764;-24.268;0.0
-22.773;-24.26;0.0
-24.282;-22.75;0.0
-24.619;-22.885;0.0
-23.244;-24.26;0.0
-23.715;-24.26;0.0
-23.902;-24.073;0.0
-24.095;-23.88;0.0
-24.619;-23.356;0.0
-24.619;-23.827;0.0
-24.566;-23.88;0.0
-23.807;-24.639;0.0
-23.523;-24.923;0.0
-23.899;-25.018;0.0
-23.902;-25.015;0.0
-24.371;-25.018;0.0
-23.991;-25.398;0.0
-24.282;-25.579;0.0
-24.619;-25.242;0.0
-24.934;-25.398;0.0
-24.282;-26.05;0.0
-24.619;-26.184;0.0
-25.378;-25.425;0.0
-25.498;-25.777;0.0
-24.781;-26.494;0.0
-24.998;-26.748;0.0
-25.969;-25.777;0.0
-26.44;-25.777;0.0
-24.998;-27.219;0.0
-25.378;-27.311;0.0
-26.912;-25.777;0.0
-27.383;-25.777;0.0
-25.528;-27.632;0.0
-25.999;-27.632;0.0
-27.612;-26.019;0.0
-27.989;-26.115;0.0
-26.471;-27.632;0.0
-26.942;-27.632;0.0
-27.233;-27.342;0.0
-27.322;-27.253;0.0
-28.371;-26.203;0.0
-28.552;-26.494;0.0
-27.793;-27.253;0.0
-28.265;-27.253;0.0
-28.751;-26.767;0.0
-28.751;-27.238;0.0
-28.736;-27.253;0.0
-23.47;-19.79;0.0
-23.523;-19.738;0.0
-10.453;-20.08;0.0
-9.357;-21.176;0.0
-9.133;-20.929;0.0
-10.453;-19.609;0.0
-10.179;-19.411;0.0
-8.661;-20.929;0.0
-8.324;-21.266;0.0
-7.945;-21.646;0.0
-7.839;-21.28;0.0
-9.328;-19.79;0.0
-9.357;-19.762;0.0
-9.708;-19.411;0.0
-8.857;-19.79;0.0
-8.598;-20.05;0.0
-8.478;-20.17;0.0
-7.002;-21.646;0.0
-6.53;-21.646;0.0
-8.006;-20.17;0.0
-7.839;-19.866;0.0
0.307;-28.012;0.0
-0.039;-28.137;0.0
-6.363;-21.813;0.0
-6.363;-22.284;0.0
-0.636;-28.012;0.0
-0.376;-28.271;0.0
-0.256;-28.391;0.0
-1.107;-28.012;0.0
-1.135;-27.983;0.0
-1.486;-27.632;0.0
-6.363;-22.755;0.0
-7.186;-22.404;0.0
-2.337;-27.253;0.0
-2.274;-27.317;0.0
-1.958;-27.632;0.0
-2.809;-27.253;0.0
-2.99;-27.071;0.0
-3.188;-26.873;0.0
-7.657;-22.404;0.0
-8.129;-22.404;0.0
-4.039;-26.494;0.0
-3.749;-26.784;0.0
-3.66;-26.873;0.0
-4.51;-26.494;0.0
-4.888;-26.117;0.0
-4.89;-26.115;0.0
-8.6;-22.404;0.0
-8.977;-22.499;0.0
-5.361;-26.115;0.0
-5.833;-26.115;0.0
-5.984;-25.963;0.0
-6.17;-25.777;0.0
-7.122;-24.825;0.0
-7.308;-24.639;0.0
-7.459;-24.488;0.0
-7.688;-24.26;0.0
-8.598;-23.349;0.0
-8.784;-23.163;0.0
-8.977;-22.97;0.0
-8.918;-23.501;0.0
-8.159;-24.26;0.0
-8.218;-24.672;0.0
-8.598;-24.292;0.0
-8.631;-24.26;0.0
-9.01;-23.88;0.0
-9.357;-24.005;0.0
-8.977;-24.384;0.0
-9.194;-24.639;0.0
-9.357;-24.476;0.0
-8.722;-24.639;0.0
-8.343;-25.018;0.0
-8.218;-25.143;0.0
-7.964;-25.398;0.0
-7.839;-25.051;0.0
-7.872;-25.018;0.0
-7.4;-25.018;0.0
-7.021;-25.398;0.0
-6.743;-25.676;0.0
-6.641;-25.777;0.0
-7.247;-26.115;0.0
-7.122;-26.239;0.0
-7.122;-26.711;0.0
-7.459;-26.373;0.0
-7.459;-26.845;0.0
-7.122;-27.182;0.0
-7.143;-27.632;0.0
-7.523;-27.253;0.0
-7.994;-27.253;0.0
-7.615;-27.632;0.0
-7.839;-27.879;0.0
-8.218;-27.5;0.0
-8.557;-27.632;0.0
-7.839;-28.351;0.0
-8.27;-28.391;0.0
-8.649;-28.012;0.0
-8.977;-28.155;0.0
-8.741;-28.391;0.0
-8.814;-25.018;0.0
-8.977;-24.856;0.0
-8.416;-21.646;0.0
-8.598;-21.464;0.0
-9.738;-21.266;0.0
-10.073;-20.931;0.0
-8.218;-19.486;0.0
-7.914;-19.79;0.0
-8.977;-17.784;0.0
1.25;-28.012;0.0
1.721;-28.012;0.0
-9.357;-16.934;0.0
-9.493;-16.797;0.0
-9.736;-16.554;0.0
-9.736;-16.083;0.0
2.572;-28.391;0.0
2.101;-28.391;0.0
1.858;-28.148;0.0
0.779;-28.012;0.0
-8.977;-18.256;0.0
-9.357;-17.405;0.0
-9.206;-17.556;0.0
-8.218;-15.244;0.0
-8.52;-14.942;0.0
-8.598;-14.864;0.0
-10.755;-12.707;0.0
-10.453;-12.538;0.0
-8.428;-14.562;0.0
-8.218;-14.301;0.0
-10.453;-12.066;0.0
-10.453;-11.595;0.0
-8.218;-13.829;0.0
-7.459;-13.645;0.0
-7.301;-13.804;0.0
-7.122;-13.983;0.0
1.479;-22.584;0.0
1.679;-22.784;0.0
10.617;-31.722;0.0
10.146;-31.722;0.0
-7.122;-14.454;0.0
-8.218;-11.944;0.0
11.18;-31.343;0.0
11.555;-31.246;0.0
-8.598;-11.093;0.0
-8.598;-10.621;0.0
11.744;-30.963;0.0
11.935;-31.154;0.0
12.123;-31.343;0.0
12.272;-31.02;0.0
-15.301;-3.446;0.0
-14.922;-3.354;0.0
-6.743;-11.534;0.0
-6.707;-11.569;0.0
-3.335;-14.942;0.0
-2.863;-14.942;0.0
-6.363;-11.442;0.0
-6.363;-10.97;0.0
10.678;-28.012;0.0
10.417;-28.222;0.0
-2.611;-15.194;0.0
-2.955;-15.321;0.0
10.417;-28.693;0.0
10.452;-28.729;0.0
10.796;-29.073;0.0
10.832;-29.108;0.0
11.176;-29.452;0.0
11.211;-29.487;0.0
12.272;-30.548;0.0
12.272;-30.077;0.0
11.682;-29.487;0.0
11.935;-29.268;0.0
12.272;-29.606;0.0
12.272;-29.134;0.0
12.246;-29.108;0.0
11.15;-28.012;0.0
-1.92;-14.942;0.0
-1.515;-14.876;0.0
11.176;-27.567;0.0
11.242;-27.632;0.0
11.555;-27.946;0.0
11.176;-27.095;0.0
-1.357;-14.562;0.0
-1.135;-14.313;0.0
11.425;-26.873;0.0
11.897;-26.873;0.0
-0.794;-14.183;0.0
-0.322;-14.183;0.0
12.272;-26.777;0.0
12.272;-26.306;0.0
-0.039;-13.995;0.0
0.241;-13.804;0.0
12.272;-25.834;0.0
12.651;-25.742;0.0
0.713;-13.804;0.0
0.847;-13.466;0.0
12.651;-25.271;0.0
12.651;-24.8;0.0
1.099;-13.247;0.0
1.099;-12.776;0.0
12.651;-24.328;0.0
12.651;-23.857;0.0
1.502;-12.707;0.0
1.858;-12.592;0.0
12.651;-23.385;0.0
12.651;-22.914;0.0
2.065;-12.328;0.0
2.238;-12.029;0.0
12.651;-22.443;0.0
13.031;-22.351;0.0
2.249;-11.569;0.0
2.575;-11.423;0.0
13.031;-21.879;0.0
13.031;-21.408;0.0
2.575;-10.952;0.0
2.575;-10.48;0.0
13.031;-20.936;0.0
13.115;-20.549;0.0
2.28;-9.714;0.0
2.575;-9.538;0.0
13.41;-20.373;0.0
13.41;-19.902;0.0
2.843;-9.334;0.0
2.954;-8.974;0.0
13.41;-19.43;0.0
13.483;-19.032;0.0
3.334;-8.882;0.0
3.541;-8.618;0.0
13.79;-18.867;0.0
13.79;-18.395;0.0
3.713;-8.319;0.0
3.725;-7.859;0.0
13.79;-17.924;0.0
13.79;-17.453;0.0
4.093;-7.756;0.0
4.288;-7.479;0.0
13.985;-17.176;0.0
14.169;-16.889;0.0
4.472;-7.192;0.0
4.472;-6.721;0.0
14.169;-16.418;0.0
14.169;-15.946;0.0
4.809;-6.587;0.0
4.809;-6.115;0.0
14.169;-15.475;0.0
14.169;-15.004;0.0
-8.66;7.825;0.0
-8.977;7.671;0.0
4.698;-6.004;0.0
4.472;-6.249;0.0
-8.977;7.2;0.0
-8.977;6.729;0.0
4.093;-6.341;0.0
4.093;-6.813;0.0
-9.357;6.637;0.0
-9.357;6.165;0.0
3.908;-7.1;0.0
3.713;-7.376;0.0
-9.357;5.694;0.0
-9.725;5.591;0.0
3.345;-7.479;0.0
3.253;-7.859;0.0
-9.357;4.751;0.0
-9.529;4.452;0.0
2.954;-8.031;0.0
2.69;-8.238;0.0
-11.212;5.663;0.0
-11.591;5.571;0.0
2.575;-8.595;0.0
2.238;-8.729;0.0
-11.702;5.211;0.0
-11.971;5.008;0.0
-7.325;0.363;0.0
-7.122;0.159;0.0
1.992;-8.955;0.0
1.858;-9.292;0.0
-7.417;-0.017;0.0
-7.459;0.025;0.0
-11.971;4.537;0.0
-11.971;4.065;0.0
-7.839;-0.067;0.0
-7.981;-0.396;0.0
-11.971;3.594;0.0
-11.971;3.122;0.0
-8.218;-0.63;0.0
-8.073;-0.776;0.0
0.866;-9.714;0.0
1.099;-9.476;0.0
-7.601;-0.776;0.0
-7.459;-0.446;0.0
1.429;-9.334;0.0
1.858;-9.764;0.0
2.567;-10.473;0.0
2.096;-10.473;0.0
1.716;-10.093;0.0
1.245;-10.093;0.0
1.624;-10.473;0.0
1.153;-10.473;0.0
0.774;-10.093;0.0
0.72;-10.04;0.0
-11.971;2.651;0.0
-11.971;2.18;0.0
0.682;-10.473;0.0
0.21;-10.473;0.0
-11.971;1.708;0.0
-11.971;1.237;0.0
-8.483;-2.251;0.0
-8.218;-2.516;0.0
-0.039;-10.695;0.0
-0.039;-11.166;0.0
-8.218;-2.987;0.0
-8.218;-3.458;0.0
-7.95;-3.727;0.0
-7.839;-3.838;0.0
-0.825;-10.852;0.0
-1.135;-11.013;0.0
-7.839;-4.309;0.0
-7.839;-4.781;0.0
-1.135;-11.484;0.0
-0.376;-11.3;0.0
-0.108;-11.569;0.0
1.479;-11.27;0.0
1.778;-11.569;0.0
1.87;-11.19;0.0
1.532;-10.852;0.0
2.004;-10.852;0.0
2.238;-11.086;0.0
-1.901;-11.19;0.0
-7.459;-5.632;0.0
-7.559;-6.004;0.0
-2.274;-11.289;0.0
-2.465;-11.569;0.0
-13.446;-0.587;0.0
-13.446;-0.116;0.0
-8.218;-5.344;0.0
-7.938;-5.624;0.0
-7.839;-5.723;0.0
-8.218;-4.873;0.0
-8.226;-4.865;0.0
-8.598;-4.493;0.0
-13.074;-0.017;0.0
-12.982;0.363;0.0
-8.977;-3.642;0.0
-8.893;-3.727;0.0
-8.598;-4.022;0.0
-8.977;-3.171;0.0
-12.511;0.363;0.0
-12.308;0.631;0.0
-8.666;-3.01;0.0
-8.598;-2.608;0.0
-11.971;0.765;0.0
-13.446;-1.059;0.0
-2.936;-11.569;0.0
-3.028;-11.948;0.0
-13.484;-1.493;0.0
-13.826;-1.622;0.0
-3.37;-12.078;0.0
-3.37;-12.55;0.0
-14.047;-1.872;0.0
-14.205;-2.186;0.0
-2.925;-13.466;0.0
-2.611;-13.308;0.0
-2.833;-13.087;0.0
-2.99;-12.929;0.0
-3.212;-12.707;0.0
-2.587;-13.804;0.0
-2.274;-14.117;0.0
-2.611;-14.251;0.0
-6.363;-10.499;0.0
-6.389;-10.473;0.0
-14.585;-2.278;0.0
-14.703;-2.631;0.0
-6.743;-10.591;0.0
-6.743;-11.062;0.0
-14.922;-2.883;0.0
-15.301;-3.918;0.0
-8.746;-10.473;0.0
-2.274;-14.589;0.0
-2.3;-14.562;0.0
5.189;-5.552;0.0
14.169;-14.532;0.0
14.169;-14.061;0.0
-2.109;2.218;0.0
-2.274;2.382;0.0
-8.598;8.706;0.0
-8.598;8.235;0.0
4.882;-5.245;0.0
14.383;-8.618;0.0
-3.536;9.301;0.0
-3.37;9.606;0.0
14.854;-8.618;0.0
14.886;-8.649;0.0
15.192;-8.955;0.0
15.265;-9.029;0.0
26.101;-19.864;0.0
26.101;-20.336;0.0
15.645;-9.88;0.0
15.479;-9.714;0.0
15.265;-9.5;0.0
15.645;-10.351;0.0
25.843;-20.549;0.0
25.721;-20.899;0.0
16.024;-11.202;0.0
16.024;-11.673;0.0
16.299;-11.948;0.0
16.404;-12.053;0.0
26.48;-22.129;0.0
26.755;-22.404;0.0
29.749;-25.398;0.0
29.431;-25.552;0.0
16.783;-12.904;0.0
16.587;-12.707;0.0
16.404;-12.524;0.0
16.783;-13.375;0.0
16.874;-13.466;0.0
17.12;-13.712;0.0
17.212;-13.804;0.0
17.5;-14.092;0.0
28.427;-25.018;0.0
28.715;-25.307;0.0
28.806;-25.398;0.0
29.052;-25.644;0.0
30.282;-26.873;0.0
30.19;-27.253;0.0
28.714;-25.777;0.0
28.243;-25.777;0.0
29.718;-27.253;0.0
29.431;-27.438;0.0
27.392;-25.398;0.0
26.92;-25.398;0.0
29.155;-27.632;0.0
28.683;-27.632;0.0
20.114;-19.063;0.0
20.083;-19.032;0.0
19.734;-18.683;0.0
19.703;-18.652;0.0
19.355;-18.304;0.0
20.114;-19.534;0.0
20.37;-19.79;0.0
20.493;-19.914;0.0
28.212;-27.632;0.0
27.741;-27.632;0.0
22.348;-22.24;0.0
22.133;-22.025;0.0
21.969;-21.861;0.0
21.754;-21.646;0.0
21.632;-21.523;0.0
21.374;-21.266;0.0
21.252;-21.144;0.0
21.037;-20.929;0.0
20.873;-20.764;0.0
20.658;-20.549;0.0
20.493;-20.385;0.0
22.348;-22.711;0.0
22.421;-22.784;0.0
22.728;-23.091;0.0
22.8;-23.163;0.0
23.107;-23.47;0.0
27.269;-27.632;0.0
27.177;-28.012;0.0
26.101;-26.935;0.0
26.039;-26.873;0.0
25.721;-26.556;0.0
26.101;-27.407;0.0
26.326;-27.632;0.0
26.48;-27.786;0.0
26.706;-28.012;0.0
27.863;-25.398;0.0
27.956;-25.49;0.0
27.576;-24.64;0.0
17.5;-14.563;0.0
17.5;-15.035;0.0
27.484;-25.018;0.0
27.012;-25.018;0.0
17.5;-15.506;0.0
17.5;-15.977;0.0
17.603;-16.08;0.0
17.879;-16.357;0.0
26.817;-25.295;0.0
27.956;-23.133;0.0
27.606;-22.784;0.0
28.457;-23.163;0.0
28.715;-23.421;0.0
28.794;-23.501;0.0
29.052;-23.758;0.0
29.174;-23.88;0.0
29.431;-24.138;0.0
29.553;-24.26;0.0
29.811;-24.517;0.0
29.811;-24.989;0.0
27.986;-23.163;0.0
26.48;-21.658;0.0
26.468;-21.646;0.0
26.101;-21.278;0.0
26.088;-21.266;0.0
26.101;-19.393;0.0
25.74;-19.032;0.0
25.721;-19.013;0.0
-2.611;9.319;0.0
-2.972;9.68;0.0
-3.37;10.078;0.0
-3.26;10.439;0.0
25.721;-18.542;0.0
25.721;-18.07;0.0
25.586;-17.935;0.0
25.342;-17.691;0.0
-2.788;10.439;0.0
-2.317;10.439;0.0
-2.274;10.396;0.0
-1.937;10.06;0.0
-1.894;10.016;0.0
-1.558;9.68;0.0
24.203;-16.081;0.0
24.203;-15.61;0.0
-1.087;9.68;0.0
-0.756;9.821;0.0
24.203;-15.138;0.0
24.203;-14.667;0.0
-0.756;10.292;0.0
-0.756;10.764;0.0
23.866;-13.858;0.0
24.191;-14.183;0.0
24.203;-14.196;0.0
23.866;-13.387;0.0
1.558;8.921;0.0
1.479;9.001;0.0
-1.135;11.615;0.0
-0.964;11.915;0.0
-0.376;11.327;0.0
-0.205;11.156;0.0
1.65;9.301;0.0
2.121;9.301;0.0
0.266;11.156;0.0
0.738;11.156;0.0
1.858;10.035;0.0
2.238;10.127;0.0
1.209;11.156;0.0
1.68;11.156;0.0
2.397;10.439;0.0
2.869;10.439;0.0
2.152;11.156;0.0
2.244;11.535;0.0
2.961;10.818;0.0
3.432;10.818;0.0
2.715;11.535;0.0
3.187;11.535;0.0
3.713;11.009;0.0
4.037;11.156;0.0
3.334;11.859;0.0
3.75;11.915;0.0
4.129;11.535;0.0
4.472;11.664;0.0
4.093;12.043;0.0
4.093;12.515;0.0
4.693;11.915;0.0
4.809;12.27;0.0
4.405;12.674;0.0
4.969;13.053;0.0
4.809;13.212;0.0
5.061;13.432;0.0
5.44;13.053;0.0
5.911;13.053;0.0
5.532;13.432;0.0
6.327;13.109;0.0
21.969;-2.533;0.0
22.067;-2.631;0.0
22.348;-2.912;0.0
22.348;-3.384;0.0
6.291;12.674;0.0
5.948;12.545;0.0
22.22;-3.727;0.0
21.969;-3.947;0.0
5.728;12.294;0.0
5.568;11.982;0.0
21.969;-4.419;0.0
22.348;-5.269;0.0
5.544;11.535;0.0
5.189;11.419;0.0
22.348;-5.741;0.0
22.348;-6.212;0.0
4.98;11.156;0.0
4.809;10.855;0.0
22.348;-6.684;0.0
22.348;-7.155;0.0
4.472;10.721;0.0
4.283;10.439;0.0
22.348;-7.627;0.0
22.348;-8.098;0.0
3.811;10.439;0.0
3.34;10.439;0.0
22.728;-8.949;0.0
22.728;-9.42;0.0
3.248;10.06;0.0
2.777;10.06;0.0
22.728;-9.892;0.0
22.728;-10.363;0.0
2.575;9.79;0.0
2.213;9.68;0.0
23.487;-11.593;0.0
23.487;-12.065;0.0
2.238;9.184;0.0
2.029;8.921;0.0
23.866;-12.916;0.0
23.866;-12.444;0.0
23.75;-12.328;0.0
23.487;-11.122;0.0
23.217;-10.852;0.0
23.107;-10.742;0.0
22.838;-10.473;0.0
22.728;-8.477;0.0
22.489;-8.238;0.0
21.969;-2.062;0.0
6.475;13.432;0.0
6.707;13.672;0.0
21.969;-1.59;0.0
21.969;-1.119;0.0
7.08;13.77;0.0
7.552;13.77;0.0
7.803;13.519;0.0
7.889;13.432;0.0
8.182;13.139;0.0
6.701;14.149;0.0
5.948;14.902;0.0
6.327;14.994;0.0
7.086;14.235;0.0
7.086;14.707;0.0
6.505;15.288;0.0
6.977;15.288;0.0
7.086;15.178;0.0
7.448;15.288;0.0
7.423;15.312;0.0
7.423;15.784;0.0
7.92;15.288;0.0
8.182;15.496;0.0
7.632;16.046;0.0
7.803;16.347;0.0
8.483;15.667;0.0
8.562;16.06;0.0
-0.363;24.985;0.0
-0.455;24.605;0.0
7.766;16.384;0.0
7.295;16.384;0.0
-0.927;24.605;0.0
-1.398;24.605;0.0
6.823;16.384;0.0
6.689;16.046;0.0
5.568;17.167;0.0
5.122;17.143;0.0
6.218;16.046;0.0
5.746;16.046;0.0
4.271;17.522;0.0
4.742;17.522;0.0
4.809;17.455;0.0
5.214;17.522;0.0
5.189;17.547;0.0
4.834;17.902;0.0
4.809;17.926;0.0
4.117;18.618;0.0
2.238;20.498;0.0
2.22;20.516;0.0
1.858;20.878;0.0
1.503;21.232;0.0
1.479;21.257;0.0
1.124;21.612;0.0
1.099;21.637;0.0
0.745;21.991;0.0
0.72;22.016;0.0
0.365;22.371;0.0
-1.135;23.871;0.0
-1.582;23.846;0.0
-0.486;22.75;0.0
-0.756;22.549;0.0
-2.053;23.846;0.0
-2.274;23.595;0.0
-1.049;22.371;0.0
-1.141;21.991;0.0
-1.515;22.365;0.0
-1.521;22.371;0.0
-2.274;23.124;0.0
-2.279;23.13;0.0
-2.611;23.461;0.0
-2.274;22.652;0.0
-1.992;22.371;0.0
-1.49;24.226;0.0
-1.515;24.25;0.0
0.108;24.985;0.0
8.562;16.531;0.0
8.801;16.763;0.0
0.58;24.985;0.0
1.051;24.985;0.0
8.941;17.094;0.0
8.941;17.566;0.0
1.522;24.985;0.0
1.994;24.985;0.0
8.941;18.037;0.0
9.169;18.281;0.0
2.238;25.212;0.0
2.238;25.684;0.0
9.321;18.601;0.0
9.395;18.998;0.0
2.649;25.744;0.0
3.12;25.744;0.0
3.334;25.53;0.0
3.5;25.364;0.0
4.093;24.771;0.0
4.259;24.605;0.0
9.658;19.206;0.0
9.658;19.678;0.0
4.472;24.863;0.0
4.822;24.985;0.0
5.189;24.618;0.0
5.202;24.605;0.0
5.568;24.239;0.0
5.581;24.226;0.0
5.948;23.859;0.0
5.961;23.846;0.0
7.803;22.004;0.0
7.816;21.991;0.0
8.182;21.625;0.0
7.803;22.475;0.0
6.432;23.846;0.0
6.903;23.846;0.0
7.086;23.664;0.0
7.283;23.467;0.0
7.423;23.326;0.0
7.62;23.13;0.0
7.803;22.947;0.0
8.912;20.895;0.0
9.321;20.486;0.0
4.472;16.849;0.0
5.568;15.753;0.0
5.189;15.661;0.0
4.809;16.041;0.0
4.809;15.569;0.0
5.091;15.288;0.0
5.948;14.431;0.0
6.229;14.149;0.0
3.334;16.574;0.0
2.765;17.143;0.0
2.575;17.332;0.0
0.53;19.377;0.0
1.002;19.377;0.0
1.858;18.521;0.0
2.098;18.281;0.0
2.575;17.804;0.0
2.949;17.902;0.0
2.569;18.281;0.0
2.232;18.618;0.0
1.852;18.998;0.0
1.479;19.371;0.0
1.099;19.751;0.0
1.479;19.843;0.0
2.703;18.618;0.0
3.175;18.618;0.0
1.657;20.136;0.0
2.128;20.136;0.0
3.983;18.281;0.0
3.512;18.281;0.0
3.334;18.459;0.0
3.42;17.902;0.0
3.713;17.608;0.0
3.799;17.522;0.0
4.179;17.143;0.0
3.707;17.143;0.0
3.334;17.516;0.0
3.236;17.143;0.0
3.334;17.045;0.0
2.918;16.046;0.0
-0.039;19.004;0.0
-0.376;18.87;0.0
2.447;16.046;0.0
1.975;16.046;0.0
-0.376;18.398;0.0
-0.731;18.281;0.0
1.858;15.692;0.0
1.412;15.667;0.0
-0.756;17.835;0.0
-0.915;17.522;0.0
0.94;15.667;0.0
0.72;15.416;0.0
-1.386;17.522;0.0
-1.515;17.179;0.0
0.377;15.288;0.0
-0.945;15.667;0.0
1.099;13.623;0.0
1.423;13.77;0.0
-0.756;15.949;0.0
-0.853;16.046;0.0
-1.57;16.763;0.0
-1.894;16.616;0.0
-1.662;16.384;0.0
-1.515;16.237;0.0
-1.325;16.046;0.0
-1.515;15.765;0.0
-1.796;16.046;0.0
-2.267;16.046;0.0
0.726;13.053;0.0
1.099;13.151;0.0
-1.417;15.667;0.0
-1.601;14.908;0.0
-1.894;15.202;0.0
-1.313;14.149;0.0
-0.596;13.432;0.0
-0.125;13.432;0.0
-1.135;14.443;0.0
-1.068;13.432;0.0
-1.515;13.88;0.0
-1.135;13.029;0.0
-0.78;12.674;0.0
-0.401;12.294;0.0
-0.021;11.915;0.0
0.34;12.025;0.0
0.071;12.294;0.0
0.255;13.053;0.0
-0.039;13.347;0.0
-0.113;11.535;0.0
-0.756;12.178;0.0
-1.515;11.523;0.0
-1.148;11.156;0.0
-1.135;11.143;0.0
-0.811;10.818;0.0
-3.37;11.021;0.0
-4.129;11.78;0.0
-4.129;12.251;0.0
-3.37;11.492;0.0
-3.37;11.963;0.0
-3.701;12.294;0.0
-3.749;12.343;0.0
-4.08;12.674;0.0
-4.129;11.308;0.0
-3.976;11.156;0.0
-3.749;10.929;0.0
-3.639;10.818;0.0
-4.766;10.06;0.0
-4.508;9.802;0.0
-4.386;9.68;0.0
-4.129;9.423;0.0
-4.007;9.301;0.0
14.169;-8.875;0.0
14.169;-9.347;0.0
-5.984;10.806;0.0
-5.525;10.818;0.0
-5.225;10.519;0.0
-5.145;10.439;0.0
-4.888;10.181;0.0
-5.984;10.335;0.0
14.169;-9.818;0.0
14.169;-10.29;0.0
-5.984;9.863;0.0
-6.272;9.68;0.0
-5.176;8.584;0.0
-4.888;8.296;0.0
14.169;-10.761;0.0
14.169;-11.232;0.0
-4.509;7.446;0.0
-4.98;7.446;0.0
14.169;-11.704;0.0
14.169;-12.175;0.0
-1.515;3.509;0.0
-1.699;3.693;0.0
-8.066;10.06;0.0
-7.839;10.304;0.0
-5.225;7.69;0.0
-4.888;7.825;0.0
-7.502;10.439;0.0
-7.031;10.439;0.0
-6.743;10.151;0.0
-6.651;10.06;0.0
-6.363;9.771;0.0
-8.218;9.741;0.0
-1.894;3.417;0.0
-2.274;3.325;0.0
-8.598;9.649;0.0
-8.598;9.178;0.0
-2.274;2.853;0.0
-1.894;2.474;0.0
14.169;-13.589;0.0
14.169;-13.118;0.0
-1.894;2.945;0.0
-1.515;3.037;0.0
14.169;-12.647;0.0
15.675;-10.852;0.0
15.645;-10.822;0.0
24.54;-16.418;0.0
24.583;-16.461;0.0
24.919;-16.797;0.0
24.962;-16.84;0.0
25.299;-17.176;0.0
25.342;-17.22;0.0
23.804;-24.639;0.0
23.487;-24.321;0.0
24.184;-25.018;0.0
23.866;-24.701;0.0
30.128;-25.777;0.0
31.224;-26.873;0.0
31.329;-26.506;0.0
30.937;-26.115;0.0
31.329;-26.035;0.0
31.788;-26.494;0.0
32.045;-26.28;0.0
30.949;-25.184;0.0
31.255;-25.018;0.0
31.329;-25.092;0.0
31.634;-25.398;0.0
32.351;-26.115;0.0
30.949;-25.655;0.0
31.071;-25.777;0.0
30.753;-26.873;0.0
29.657;-25.777;0.0
13.201;-36.191;0.0
13.41;-36.401;0.0
13.109;-36.571;0.0
12.392;-35.854;0.0
12.863;-35.854;0.0
13.031;-36.021;0.0
11.162;-35.095;0.0
12.637;-36.571;0.0
11.101;-38.805;0.0
11.176;-38.88;0.0
11.48;-39.185;0.0
12.239;-39.943;0.0
11.921;-41.04;0.0
11.584;-40.702;0.0
6.264;-41.04;0.0
5.948;-40.723;0.0
5.568;-40.344;0.0
5.547;-40.323;0.0
5.076;-40.323;0.0
5.455;-40.702;0.0
4.984;-40.702;0.0
4.604;-40.323;0.0
4.133;-40.323;0.0
4.512;-40.702;0.0
4.472;-37.362;0.0
-0.039;-32.851;0.0
-0.039;-32.379;0.0
4.531;-36.95;0.0
5.003;-36.95;0.0
0.154;-32.101;0.0
0.34;-31.816;0.0
5.189;-36.665;0.0
5.566;-36.571;0.0
0.34;-31.345;0.0
0.72;-31.253;0.0
6.038;-36.571;0.0
6.509;-36.571;0.0
0.72;-30.781;0.0
0.72;-30.31;0.0
6.98;-36.571;0.0
11.909;-33.957;0.0
12.272;-34.32;0.0
-0.039;-34.265;0.0
0.032;-34.336;0.0
-1.095;-35.095;0.0
-0.756;-35.434;0.0
-0.756;-35.905;0.0
-1.946;-34.715;0.0
-2.417;-34.715;0.0
-0.756;-36.377;0.0
-0.562;-36.571;0.0
-0.376;-36.756;0.0
-0.376;-37.228;0.0
-2.889;-34.715;0.0
-1.474;-34.715;0.0
-1.135;-35.055;0.0
-0.039;-37.093;0.0
0.197;-37.329;0.0
-1.731;-32.101;0.0
-2.111;-31.722;0.0
-2.274;-31.559;0.0
-2.49;-31.343;0.0
-2.611;-31.693;0.0
-1.894;-32.41;0.0
-1.639;-31.722;0.0
-1.515;-31.847;0.0
-0.756;-31.663;0.0
-0.697;-31.722;0.0
-0.376;-31.571;0.0
-0.605;-31.343;0.0
-0.376;-31.099;0.0
-0.133;-31.343;0.0
-0.039;-30.965;0.0
-0.376;-30.628;0.0
-2.99;-30.842;0.0
-3.966;-29.867;0.0
-4.437;-29.867;0.0
-3.341;-30.963;0.0
-3.115;-30.246;0.0
-2.99;-30.371;0.0
-3.495;-29.867;0.0
-3.37;-29.992;0.0
-4.529;-30.246;0.0
-4.888;-29.888;0.0
-11.73;-43.316;0.0
-11.591;-43.455;0.0
-11.591;-43.926;0.0
-12.201;-43.316;0.0
-11.971;-44.018;0.0
-11.956;-44.033;0.0
-10.073;-46.858;0.0
-9.736;-47.195;0.0
-9.736;-46.724;0.0
-9.813;-46.647;0.0
-9.736;-47.667;0.0
-10.073;-47.33;0.0
-9.556;-49.261;0.0
-9.357;-49.461;0.0
-9.177;-49.64;0.0
-8.977;-49.84;0.0
-9.269;-50.02;0.0
-9.736;-49.552;0.0
-7.536;-54.11;0.0
-7.157;-54.489;0.0
-7.459;-54.658;0.0
-7.839;-54.278;0.0
-7.839;-54.75;0.0
-7.72;-54.868;0.0
-7.122;-55.466;0.0
-6.961;-55.627;0.0
-6.743;-55.374;0.0
-7.122;-54.995;0.0
-6.777;-54.868;0.0
-6.743;-54.903;0.0
-5.225;-54.535;0.0
-3.749;-56.011;0.0
-6.743;-60.56;0.0
-6.363;-60.939;0.0
-6.581;-61.193;0.0
-6.961;-60.813;0.0
-7.122;-61.123;0.0
-7.053;-61.193;0.0
-6.508;-64.565;0.0
-5.604;-65.469;0.0
-5.884;-65.662;0.0
-6.98;-64.565;0.0
-7.122;-64.894;0.0
-5.984;-66.033;0.0
-6.447;-66.041;0.0
-7.459;-65.028;0.0
-7.459;-65.5;0.0
-6.918;-66.041;0.0
-7.39;-66.041;0.0
-7.459;-65.971;0.0
-5.278;-65.324;0.0
-6.363;-64.239;0.0
9.321;-63.424;0.0
10.417;-64.52;0.0
10.417;-64.049;0.0
9.321;-62.952;0.0
9.321;-62.481;0.0
10.417;-63.577;0.0
10.417;-63.106;0.0
9.642;-62.331;0.0
9.734;-61.951;0.0
10.796;-63.014;0.0
10.796;-62.542;0.0
10.037;-61.784;0.0
10.037;-61.312;0.0
10.796;-62.071;0.0
10.796;-61.6;0.0
10.769;-61.572;0.0
10.417;-61.22;0.0
10.389;-61.193;0.0
12.272;-60.718;0.0
12.651;-61.098;0.0
12.651;-60.626;0.0
12.272;-60.247;0.0
12.272;-59.775;0.0
12.651;-60.155;0.0
12.651;-61.569;0.0
12.272;-61.19;0.0
9.611;-64.186;0.0
9.321;-63.895;0.0
9.658;-64.704;0.0
10.417;-65.463;0.0
10.144;-65.662;0.0
9.658;-65.175;0.0
9.658;-65.647;0.0
9.673;-65.662;0.0
9.658;-66.118;0.0
9.581;-66.041;0.0
9.321;-66.252;0.0
9.489;-66.421;0.0
10.417;-64.991;0.0
9.658;-64.233;0.0
21.632;0.161;0.0
21.43;0.363;0.0
21.252;0.541;0.0
10.258;11.535;0.0
10.417;11.848;0.0
21.252;1.012;0.0
20.873;1.863;0.0
10.821;11.915;0.0
11.292;11.915;0.0
20.493;2.714;0.0
20.61;2.597;0.0
20.873;2.334;0.0
20.493;3.185;0.0
11.764;11.915;0.0
12.235;11.915;0.0
20.114;4.036;0.0
20.457;3.693;0.0
20.493;3.657;0.0
19.734;4.887;0.0
12.707;11.915;0.0
13.178;11.915;0.0
19.355;5.738;0.0
19.502;5.591;0.0
19.734;5.358;0.0
19.355;6.209;0.0
19.257;6.307;0.0
19.018;6.546;0.0
13.649;11.915;0.0
14.121;11.915;0.0
18.638;7.397;0.0
18.969;7.066;0.0
19.018;7.018;0.0
17.879;8.628;0.0
17.586;8.921;0.0
17.5;9.007;0.0
17.206;9.301;0.0
17.12;9.387;0.0
16.827;9.68;0.0
16.783;9.724;0.0
14.972;11.535;0.0
15.443;11.535;0.0
15.645;11.334;0.0
15.823;11.156;0.0
16.024;10.954;0.0
16.16;10.818;0.0
16.404;10.575;0.0
16.539;10.439;0.0
16.783;10.195;0.0
9.786;11.535;0.0
21.632;-0.31;0.0
0.059;19.377;0.0
3.052;16.384;0.0
-2.329;17.522;0.0
-3.088;18.281;0.0
-3.37;18.092;0.0
-2.8;17.522;0.0
-2.99;17.241;0.0
-3.651;17.902;0.0
-4.123;17.902;0.0
-3.364;17.143;0.0
-3.456;16.763;0.0
-3.749;17.057;0.0
-3.835;17.143;0.0
-4.129;17.436;0.0
-4.214;17.522;0.0
-4.508;17.816;0.0
-2.99;18.655;0.0
-2.274;17.938;0.0
-2.274;18.41;0.0
-2.862;18.998;0.0
-2.39;18.998;0.0
-2.274;18.881;0.0
4.093;25.243;0.0
3.971;25.364;0.0
-9.89;8.584;0.0
-9.736;8.43;0.0
-9.736;7.959;0.0
-10.073;8.296;0.0
-10.453;8.204;0.0
-9.736;7.487;0.0
-9.736;7.016;0.0
-10.453;7.733;0.0
-10.637;7.446;0.0
-9.736;6.545;0.0
-9.736;6.073;0.0
-10.832;7.169;0.0
-10.832;6.698;0.0
-9.736;5.602;0.0
-9.736;5.13;0.0
-10.913;6.307;0.0
-11.212;6.135;0.0
-9.736;4.659;0.0
-12.498;-63.09;0.0
-12.687;-63.09;0.0
-12.687;-62.9;0.0
-12.687;-62.71;0.0
-12.498;-62.71;0.0
-12.308;-62.71;0.0
-12.308;-62.9;0.0
-12.308;-63.09;0.0
-12.498;-63.09;0.0
-8.05;-63.807;0.0
-9.357;-63.807;0.0
-9.357;-63.617;0.0
-9.357;-63.427;0.0
-9.546;-63.427;0.0
-9.736;-63.427;0.0
-9.736;-63.258;0.0
-9.736;-63.09;0.0
-9.167;-63.09;0.0
-8.598;-63.09;0.0
-8.598;-62.9;0.0
-8.598;-62.71;0.0
-7.86;-62.71;0.0
-7.122;-62.71;0.0
-7.122;-62.9;0.0
-7.122;-63.09;0.0
-6.932;-63.09;0.0
-6.743;-63.09;0.0
-6.743;-63.448;0.0
-6.743;-63.807;0.0
-8.05;-63.807;0.0
-6.722;-66.041;0.0
-7.459;-66.041;0.0
-7.459;-65.493;0.0
-7.459;-64.945;0.0
-7.291;-64.945;0.0
-7.122;-64.945;0.0
-7.122;-64.755;0.0
-7.122;-64.565;0.0
-6.743;-64.565;0.0
-6.363;-64.565;0.0
-6.363;-64.376;0.0
-6.363;-64.186;0.0
-5.984;-64.186;0.0
-5.604;-64.186;0.0
-5.604;-63.996;0.0
-5.604;-63.807;0.0
-5.056;-63.807;0.0
-4.508;-63.807;0.0
-4.508;-64.186;0.0
-4.508;-64.565;0.0
-4.698;-64.565;0.0
-4.888;-64.565;0.0
-4.888;-64.755;0.0
-4.888;-64.945;0.0
-5.056;-64.945;0.0
-5.225;-64.945;0.0
-5.225;-65.135;0.0
-5.225;-65.324;0.0
-5.415;-65.324;0.0
-5.604;-65.324;0.0
-5.604;-65.493;0.0
-5.604;-65.662;0.0
-5.794;-65.662;0.0
-5.984;-65.662;0.0
-5.984;-65.851;0.0
-5.984;-66.041;0.0
-6.722;-66.041;0.0
-5.056;-63.09;0.0
-5.225;-63.09;0.0
-5.225;-62.71;0.0
-5.225;-62.331;0.0
-5.415;-62.331;0.0
-5.604;-62.331;0.0
-5.604;-62.141;0.0
-5.604;-61.951;0.0
-5.246;-61.951;0.0
-4.888;-61.951;0.0
-4.888;-62.521;0.0
-4.888;-63.09;0.0
-5.056;-63.09;0.0
-6.743;-61.193;0.0
-7.122;-61.193;0.0
-7.122;-61.003;0.0
-7.122;-60.813;0.0
-6.932;-60.813;0.0
-6.743;-60.813;0.0
-6.743;-60.265;0.0
-6.743;-59.717;0.0
-6.553;-59.717;0.0
-6.363;-59.717;0.0
-6.363;-59.337;0.0
-6.363;-58.958;0.0
-6.174;-58.958;0.0
-5.984;-58.958;0.0
-5.984;-58.768;0.0
-5.984;-58.579;0.0
-5.794;-58.579;0.0
-5.604;-58.579;0.0
-5.604;-58.22;0.0
-5.604;-57.862;0.0
-5.415;-57.862;0.0
-5.225;-57.862;0.0
-5.225;-57.482;0.0
-5.225;-57.103;0.0
-5.056;-57.103;0.0
-4.888;-57.103;0.0
-4.888;-56.724;0.0
-4.888;-56.344;0.0
-5.056;-56.344;0.0
-5.225;-56.344;0.0
-5.225;-56.534;0.0
-5.225;-56.724;0.0
-5.604;-56.724;0.0
-5.984;-56.724;0.0
-5.984;-56.534;0.0
-5.984;-56.344;0.0
-6.174;-56.344;0.0
-6.363;-56.344;0.0
-6.363;-56.154;0.0
-6.363;-55.965;0.0
-5.984;-55.965;0.0
-5.604;-55.965;0.0
-5.604;-55.417;0.0
-5.604;-54.868;0.0
-5.415;-54.868;0.0
-5.225;-54.868;0.0
-5.225;-54.299;0.0
-5.225;-53.73;0.0
-5.056;-53.73;0.0
-4.888;-53.73;0.0
-4.888;-53.372;0.0
-4.888;-53.013;0.0
-4.698;-53.013;0.0
-4.508;-53.013;0.0
-4.508;-52.634;0.0
-4.508;-52.254;0.0
-4.867;-52.254;0.0
-5.225;-52.254;0.0
-5.225;-52.065;0.0
-5.225;-51.875;0.0
-5.056;-51.875;0.0
-4.888;-51.875;0.0
-4.888;-51.306;0.0
-4.888;-50.737;0.0
-5.056;-50.737;0.0
-5.225;-50.737;0.0
-5.225;-49.999;0.0
-5.225;-49.261;0.0
-5.056;-49.261;0.0
-4.888;-49.261;0.0
-4.888;-47.954;0.0
-4.888;-46.647;0.0
-4.698;-46.647;0.0
-4.508;-46.647;0.0
-4.508;-46.457;0.0
-4.508;-46.268;0.0
-4.698;-46.268;0.0
-4.888;-46.268;0.0
-4.888;-45.909;0.0
-4.888;-45.551;0.0
-5.056;-45.551;0.0
-5.225;-45.551;0.0
-5.225;-45.171;0.0
-5.225;-44.792;0.0
-5.056;-44.792;0.0
-4.888;-44.792;0.0
-4.888;-44.412;0.0
-4.888;-44.033;0.0
-4.698;-44.033;0.0
-4.508;-44.033;0.0
-4.508;-43.485;0.0
-4.508;-42.937;0.0
-4.867;-42.937;0.0
-5.225;-42.937;0.0
-5.225;-42.747;0.0
-5.225;-42.557;0.0
-5.604;-42.557;0.0
-5.984;-42.557;0.0
-5.984;-42.368;0.0
-5.984;-42.178;0.0
-6.174;-42.178;0.0
-6.363;-42.178;0.0
-6.363;-41.988;0.0
-6.363;-41.798;0.0
-6.553;-41.798;0.0
-6.743;-41.798;0.0
-6.743;-41.609;0.0
-6.743;-41.419;0.0
-6.932;-41.419;0.0
-7.122;-41.419;0.0
-7.122;-41.061;0.0
-7.122;-40.702;0.0
-6.932;-40.702;0.0
-6.743;-40.702;0.0
-6.743;-40.323;0.0
-6.743;-39.943;0.0
-6.932;-39.943;0.0
-7.122;-39.943;0.0
-7.122;-39.185;0.0
-7.122;-38.426;0.0
-6.932;-38.426;0.0
-6.743;-38.426;0.0
-6.743;-37.878;0.0
-6.743;-37.329;0.0
-6.553;-37.329;0.0
-6.363;-37.329;0.0
-6.363;-36.95;0.0
-6.363;-36.571;0.0
-6.553;-36.571;0.0
-6.743;-36.571;0.0
-6.743;-35.453;0.0
-6.743;-34.336;0.0
-6.553;-34.336;0.0
-6.363;-34.336;0.0
-6.363;-33.957;0.0
-6.363;-33.577;0.0
-6.553;-33.577;0.0
-6.743;-33.577;0.0
-6.743;-33.408;0.0
-6.743;-33.24;0.0
-6.363;-33.24;0.0
-5.984;-33.24;0.0
-5.984;-33.408;0.0
-5.984;-33.577;0.0
-5.794;-33.577;0.0
-5.604;-33.577;0.0
-5.604;-33.767;0.0
-5.604;-33.957;0.0
-5.415;-33.957;0.0
-5.225;-33.957;0.0
-5.225;-34.146;0.0
-5.225;-34.336;0.0
-4.867;-34.336;0.0
-4.508;-34.336;0.0
-4.508;-34.526;0.0
-4.508;-34.715;0.0
-4.129;-34.715;0.0
-3.749;-34.715;0.0
-3.749;-34.905;0.0
-3.749;-35.095;0.0
-3.37;-35.095;0.0
-2.99;-35.095;0.0
-2.99;-34.905;0.0
-2.99;-34.715;0.0
-2.063;-34.715;0.0
-1.135;-34.715;0.0
-1.135;-34.905;0.0
-1.135;-35.095;0.0
-0.946;-35.095;0.0
-0.756;-35.095;0.0
-0.756;-35.833;0.0
-0.756;-36.571;0.0
-0.566;-36.571;0.0
-0.376;-36.571;0.0
-0.376;-37.14;0.0
-0.376;-37.709;0.0
-0.018;-37.709;0.0
0.34;-37.709;0.0
0.34;-37.519;0.0
0.34;-37.329;0.0
0.151;-37.329;0.0
-0.039;-37.329;0.0
-0.039;-36.592;0.0
-0.039;-35.854;0.0
0.151;-35.854;0.0
0.34;-35.854;0.0
0.34;-35.474;0.0
0.34;-35.095;0.0
0.53;-35.095;0.0
0.72;-35.095;0.0
0.72;-34.715;0.0
0.72;-34.336;0.0
0.34;-34.336;0.0
-0.039;-34.336;0.0
-0.039;-33.219;0.0
-0.039;-32.101;0.0
0.151;-32.101;0.0
0.34;-32.101;0.0
0.34;-31.722;0.0
0.34;-31.343;0.0
0.53;-31.343;0.0
0.72;-31.343;0.0
0.72;-30.415;0.0
0.72;-29.487;0.0
0.909;-29.487;0.0
1.099;-29.487;0.0
1.099;-29.108;0.0
1.099;-28.729;0.0
2.216;-28.729;0.0
3.334;-28.729;0.0
3.334;-28.56;0.0
3.334;-28.391;0.0
2.596;-28.391;0.0
1.858;-28.391;0.0
1.858;-28.202;0.0
1.858;-28.012;0.0
0.909;-28.012;0.0
-0.039;-28.012;0.0
-0.039;-28.202;0.0
-0.039;-28.391;0.0
-0.208;-28.391;0.0
-0.376;-28.391;0.0
-0.376;-28.202;0.0
-0.376;-28.012;0.0
-0.756;-28.012;0.0
-1.135;-28.012;0.0
-1.135;-27.822;0.0
-1.135;-27.632;0.0
-1.705;-27.632;0.0
-2.274;-27.632;0.0
-2.274;-27.443;0.0
-2.274;-27.253;0.0
-2.632;-27.253;0.0
-2.99;-27.253;0.0
-2.99;-27.063;0.0
-2.99;-26.873;0.0
-3.37;-26.873;0.0
-3.749;-26.873;0.0
-3.749;-26.684;0.0
-3.749;-26.494;0.0
-4.318;-26.494;0.0
-4.888;-26.494;0.0
-4.888;-26.304;0.0
-4.888;-26.115;0.0
-5.436;-26.115;0.0
-5.984;-26.115;0.0
-5.984;-25.946;0.0
-5.984;-25.777;0.0
-6.363;-25.777;0.0
-6.743;-25.777;0.0
-6.743;-25.588;0.0
-6.743;-25.398;0.0
-7.101;-25.398;0.0
-7.459;-25.398;0.0
-7.459;-25.208;0.0
-7.459;-25.018;0.0
-7.291;-25.018;0.0
-7.122;-25.018;0.0
-7.122;-24.829;0.0
-7.122;-24.639;0.0
-7.291;-24.639;0.0
-7.459;-24.639;0.0
-7.459;-24.449;0.0
-7.459;-24.26;0.0
-7.839;-24.26;0.0
-8.218;-24.26;0.0
-8.218;-24.639;0.0
-8.218;-25.018;0.0
-8.029;-25.018;0.0
-7.839;-25.018;0.0
-7.839;-25.208;0.0
-7.839;-25.398;0.0
-8.029;-25.398;0.0
-8.218;-25.398;0.0
-8.218;-25.208;0.0
-8.218;-25.018;0.0
-8.598;-25.018;0.0
-8.977;-25.018;0.0
-8.977;-24.829;0.0
-8.977;-24.639;0.0
-9.167;-24.639;0.0
-9.357;-24.639;0.0
-9.357;-24.26;0.0
-9.357;-23.88;0.0
-9.167;-23.88;0.0
-8.977;-23.88;0.0
-8.977;-23.69;0.0
-8.977;-23.501;0.0
-8.788;-23.501;0.0
-8.598;-23.501;0.0
-8.598;-23.332;0.0
-8.598;-23.163;0.0
-8.788;-23.163;0.0
-8.977;-23.163;0.0
-8.977;-22.784;0.0
-8.977;-22.404;0.0
-7.86;-22.404;0.0
-6.743;-22.404;0.0
-6.743;-22.594;0.0
-6.743;-22.784;0.0
-6.553;-22.784;0.0
-6.363;-22.784;0.0
-6.363;-22.215;0.0
-6.363;-21.646;0.0
-6.911;-21.646;0.0
-7.459;-21.646;0.0
-7.459;-21.456;0.0
-7.459;-21.266;0.0
-7.649;-21.266;0.0
-7.839;-21.266;0.0
-7.839;-21.456;0.0
-7.839;-21.646;0.0
-8.218;-21.646;0.0
-8.598;-21.646;0.0
-8.598;-21.456;0.0
-8.598;-21.266;0.0
-8.408;-21.266;0.0
-8.218;-21.266;0.0
-8.218;-21.097;0.0
-8.218;-20.929;0.0
-8.788;-20.929;0.0
-9.357;-20.929;0.0
-9.357;-21.097;0.0
-9.357;-21.266;0.0
-9.715;-21.266;0.0
-10.073;-21.266;0.0
-10.073;-20.908;0.0
-10.073;-20.549;0.0
-10.263;-20.549;0.0
-10.453;-20.549;0.0
-10.453;-19.98;0.0
-10.453;-19.411;0.0
-9.905;-19.411;0.0
-9.357;-19.411;0.0
-9.357;-19.601;0.0
-9.357;-19.79;0.0
-8.977;-19.79;0.0
-8.598;-19.79;0.0
-8.598;-19.98;0.0
-8.598;-20.17;0.0
-8.218;-20.17;0.0
-7.839;-20.17;0.0
-7.839;-19.98;0.0
-7.839;-19.79;0.0
-8.029;-19.79;0.0
-8.218;-19.79;0.0
-8.218;-19.411;0.0
-8.218;-19.032;0.0
-8.408;-19.032;0.0
-8.598;-19.032;0.0
-8.598;-18.842;0.0
-8.598;-18.652;0.0
-8.788;-18.652;0.0
-8.977;-18.652;0.0
-8.977;-18.104;0.0
-8.977;-17.556;0.0
-9.167;-17.556;0.0
-9.357;-17.556;0.0
-9.357;-17.176;0.0
-9.357;-16.797;0.0
-9.546;-16.797;0.0
-9.736;-16.797;0.0
-9.736;-16.059;0.0
-9.736;-15.321;0.0
-9.905;-15.321;0.0
-10.073;-15.321;0.0
-10.073;-14.942;0.0
-10.073;-14.562;0.0
-10.263;-14.562;0.0
-10.453;-14.562;0.0
-10.453;-14.373;0.0
-10.453;-14.183;0.0
-10.643;-14.183;0.0
-10.832;-14.183;0.0
-10.832;-13.445;0.0
-10.832;-12.707;0.0
-10.643;-12.707;0.0
-10.453;-12.707;0.0
-10.453;-11.59;0.0
-10.453;-10.473;0.0
-10.832;-10.473;0.0
-11.212;-10.473;0.0
-11.212;-10.831;0.0
-11.212;-11.19;0.0
-11.402;-11.19;0.0
-11.591;-11.19;0.0
-11.591;-11.569;0.0
-11.591;-11.948;0.0
-11.95;-11.948;0.0
-12.308;-11.948;0.0
-12.308;-12.328;0.0
-12.308;-12.707;0.0
-12.498;-12.707;0.0
-12.687;-12.707;0.0
-12.687;-13.087;0.0
-12.687;-13.466;0.0
-12.877;-13.466;0.0
-13.067;-13.466;0.0
-13.067;-13.825;0.0
-13.067;-14.183;0.0
-13.257;-14.183;0.0
-13.446;-14.183;0.0
-13.446;-14.373;0.0
-13.446;-14.562;0.0
-13.636;-14.562;0.0
-13.826;-14.562;0.0
-13.826;-14.752;0.0
-13.826;-14.942;0.0
-14.016;-14.942;0.0
-14.205;-14.942;0.0
-14.205;-15.132;0.0
-14.205;-15.321;0.0
-14.395;-15.321;0.0
-14.585;-15.321;0.0
-14.585;-15.511;0.0
-14.585;-15.701;0.0
-14.753;-15.701;0.0
-14.922;-15.701;0.0
-14.922;-16.059;0.0
-14.922;-16.418;0.0
-15.112;-16.418;0.0
-15.301;-16.418;0.0
-15.301;-16.607;0.0
-15.301;-16.797;0.0
-15.491;-16.797;0.0
-15.681;-16.797;0.0
-15.681;-16.987;0.0
-15.681;-17.176;0.0
-15.871;-17.176;0.0
-16.06;-17.176;0.0
-16.06;-17.556;0.0
-16.06;-17.935;0.0
-16.25;-17.935;0.0
-16.44;-17.935;0.0
-16.44;-18.125;0.0
-16.44;-18.315;0.0
-16.63;-18.315;0.0
-16.819;-18.315;0.0
-16.819;-18.673;0.0
-16.819;-19.032;0.0
-16.988;-19.032;0.0
-17.157;-19.032;0.0
-17.157;-19.221;0.0
-17.157;-19.411;0.0
-17.346;-19.411;0.0
-17.536;-19.411;0.0
-17.536;-19.601;0.0
-17.536;-19.79;0.0
-17.726;-19.79;0.0
-17.915;-19.79;0.0
-17.915;-19.98;0.0
-17.915;-20.17;0.0
-18.105;-20.17;0.0
-18.295;-20.17;0.0
-18.295;-20.36;0.0
-18.295;-20.549;0.0
-18.485;-20.549;0.0
-18.674;-20.549;0.0
-18.674;-20.739;0.0
-18.674;-20.929;0.0
-18.864;-20.929;0.0
-19.054;-20.929;0.0
-19.054;-21.287;0.0
-19.054;-21.646;0.0
-19.412;-21.646;0.0
-19.771;-21.646;0.0
-19.771;-21.835;0.0
-19.771;-22.025;0.0
-19.96;-22.025;0.0
-20.15;-22.025;0.0
-20.15;-22.215;0.0
-20.15;-22.404;0.0
-20.34;-22.404;0.0
-20.529;-22.404;0.0
-20.529;-22.594;0.0
-20.529;-22.784;0.0
-20.719;-22.784;0.0
-20.909;-22.784;0.0
-20.909;-22.974;0.0
-20.909;-23.163;0.0
-21.099;-23.163;0.0
-21.288;-23.163;0.0
-21.288;-23.332;0.0
-21.288;-23.501;0.0
-21.478;-23.501;0.0
-21.668;-23.501;0.0
-21.668;-23.88;0.0
-21.668;-24.26;0.0
-22.026;-24.26;0.0
-22.385;-24.26;0.0
-22.385;-24.449;0.0
-22.385;-24.639;0.0
-22.574;-24.639;0.0
-22.764;-24.639;0.0
-22.764;-24.449;0.0
-22.764;-24.26;0.0
-23.333;-24.26;0.0
-23.902;-24.26;0.0
-23.902;-24.07;0.0
-23.902;-23.88;0.0
-24.261;-23.88;0.0
-24.619;-23.88;0.0
-24.619;-23.332;0.0
-24.619;-22.784;0.0
-24.45;-22.784;0.0
-24.282;-22.784;0.0
-24.282;-22.404;0.0
-24.282;-22.025;0.0
-24.092;-22.025;0.0
-23.902;-22.025;0.0
-23.902;-21.835;0.0
-23.902;-21.646;0.0
-23.713;-21.646;0.0
-23.523;-21.646;0.0
-23.523;-21.097;0.0
-23.523;-20.549;0.0
-23.333;-20.549;0.0
-23.143;-20.549;0.0
-23.143;-20.17;0.0
-23.143;-19.79;0.0
-23.333;-19.79;0.0
-23.523;-19.79;0.0
-23.523;-18.863;0.0
-23.523;-17.935;0.0
-23.333;-17.935;0.0
-23.143;-17.935;0.0
-23.143;-17.746;0.0
-23.143;-17.556;0.0
-22.954;-17.556;0.0
-22.764;-17.556;0.0
-22.764;-17.366;0.0
-22.764;-17.176;0.0
-22.406;-17.176;0.0
-22.047;-17.176;0.0
-22.047;-17.366;0.0
-22.047;-17.556;0.0
-22.216;-17.556;0.0
-22.385;-17.556;0.0
-22.385;-17.935;0.0
-22.385;-18.315;0.0
-22.574;-18.315;0.0
-22.764;-18.315;0.0
-22.764;-18.673;0.0
-22.764;-19.032;0.0
-22.406;-19.032;0.0
-22.047;-19.032;0.0
-22.047;-18.842;0.0
-22.047;-18.652;0.0
-21.857;-18.652;0.0
-21.668;-18.652;0.0
-21.668;-18.294;0.0
-21.668;-17.935;0.0
-21.288;-17.935;0.0
-20.909;-17.935;0.0
-20.909;-17.746;0.0
-20.909;-17.556;0.0
-20.719;-17.556;0.0
-20.529;-17.556;0.0
-20.529;-16.818;0.0
-20.529;-16.08;0.0
-20.34;-16.08;0.0
-20.15;-16.08;0.0
-20.15;-15.891;0.0
-20.15;-15.701;0.0
-19.96;-15.701;0.0
-19.771;-15.701;0.0
-19.771;-15.321;0.0
-19.771;-14.942;0.0
-19.96;-14.942;0.0
-20.15;-14.942;0.0
-20.15;-14.752;0.0
-20.15;-14.562;0.0
-19.792;-14.562;0.0
-19.433;-14.562;0.0
-19.433;-14.014;0.0
-19.433;-13.466;0.0
-19.054;-13.466;0.0
-18.674;-13.466;0.0
-18.674;-12.707;0.0
-18.674;-11.948;0.0
-18.485;-11.948;0.0
-18.295;-11.948;0.0
-18.295;-11.569;0.0
-18.295;-11.19;0.0
-18.105;-11.19;0.0
-17.915;-11.19;0.0
-17.915;-10.831;0.0
-17.915;-10.473;0.0
-18.105;-10.473;0.0
-18.295;-10.473;0.0
-18.295;-10.093;0.0
-18.295;-9.714;0.0
-17.915;-9.714;0.0
-17.536;-9.714;0.0
-17.536;-8.786;0.0
-17.536;-7.859;0.0
-17.346;-7.859;0.0
-17.157;-7.859;0.0
-17.157;-7.669;0.0
-17.157;-7.479;0.0
-16.988;-7.479;0.0
-16.819;-7.479;0.0
-16.819;-7.29;0.0
-16.819;-7.1;0.0
-16.988;-7.1;0.0
-17.157;-7.1;0.0
-17.157;-6.91;0.0
-17.157;-6.721;0.0
-16.988;-6.721;0.0
-16.819;-6.721;0.0
-16.819;-6.531;0.0
-16.819;-6.341;0.0
-16.63;-6.341;0.0
-16.44;-6.341;0.0
-16.44;-6.172;0.0
-16.44;-6.004;0.0
-16.25;-6.004;0.0
-16.06;-6.004;0.0
-16.06;-5.435;0.0
-16.06;-4.865;0.0
-15.871;-4.865;0.0
-15.681;-4.865;0.0
-15.681;-4.676;0.0
-15.681;-4.486;0.0
-15.491;-4.486;0.0
-15.301;-4.486;0.0
-15.301;-3.938;0.0
-15.301;-3.39;0.0
-15.112;-3.39;0.0
-14.922;-3.39;0.0
-14.922;-3.01;0.0
-14.922;-2.631;0.0
-14.753;-2.631;0.0
-14.585;-2.631;0.0
-14.585;-2.441;0.0
-14.585;-2.251;0.0
-14.395;-2.251;0.0
-14.205;-2.251;0.0
-14.205;-2.062;0.0
-14.205;-1.872;0.0
-14.016;-1.872;0.0
-13.826;-1.872;0.0
-13.826;-1.682;0.0
-13.826;-1.493;0.0
-13.636;-1.493;0.0
-13.446;-1.493;0.0
-13.446;-0.755;0.0
-13.446;-0.017;0.0
-13.257;-0.017;0.0
-13.067;-0.017;0.0
-13.067;0.173;0.0
-13.067;0.363;0.0
-12.687;0.363;0.0
-12.308;0.363;0.0
-12.308;0.552;0.0
-12.308;0.742;0.0
-12.139;0.742;0.0
-11.971;0.742;0.0
-11.971;2.977;0.0
-11.971;5.211;0.0
-11.781;5.211;0.0
-11.591;5.211;0.0
-11.591;5.401;0.0
-11.591;5.591;0.0
-11.402;5.591;0.0
-11.212;5.591;0.0
-11.212;5.949;0.0
-11.212;6.307;0.0
-11.022;6.307;0.0
-10.832;6.307;0.0
-10.832;6.876;0.0
-10.832;7.446;0.0
-10.643;7.446;0.0
-10.453;7.446;0.0
-10.453;7.825;0.0
-10.453;8.205;0.0
-10.263;8.205;0.0
-10.073;8.205;0.0
-10.073;8.394;0.0
-10.073;8.584;0.0
-9.905;8.584;0.0
-9.736;8.584;0.0
-9.736;7.087;0.0
-9.736;5.591;0.0
-9.546;5.591;0.0
-9.357;5.591;0.0
-9.357;6.139;0.0
-9.357;6.687;0.0
-9.167;6.687;0.0
-8.977;6.687;0.0
-8.977;7.256;0.0
-8.977;7.825;0.0
-8.788;7.825;0.0
-8.598;7.825;0.0
-8.598;8.753;0.0
-8.598;9.68;0.0
-8.408;9.68;0.0
-8.218;9.68;0.0
-8.218;9.87;0.0
-8.218;10.06;0.0
-8.029;10.06;0.0
-7.839;10.06;0.0
-7.839;10.249;0.0
-7.839;10.439;0.0
-7.291;10.439;0.0
-6.743;10.439;0.0
-6.743;10.249;0.0
-6.743;10.06;0.0
-6.553;10.06;0.0
-6.363;10.06;0.0
-6.363;9.87;0.0
-6.363;9.68;0.0
-6.174;9.68;0.0
-5.984;9.68;0.0
-5.984;10.249;0.0
-5.984;10.818;0.0
-5.604;10.818;0.0
-5.225;10.818;0.0
-5.225;10.629;0.0
-5.225;10.439;0.0
-5.056;10.439;0.0
-4.888;10.439;0.0
-4.888;10.249;0.0
-4.888;10.06;0.0
-4.698;10.06;0.0
-4.508;10.06;0.0
-4.508;9.87;0.0
-4.508;9.68;0.0
-4.318;9.68;0.0
-4.129;9.68;0.0
-4.129;9.49;0.0
-4.129;9.301;0.0
-3.749;9.301;0.0
-3.37;9.301;0.0
-3.37;9.87;0.0
-3.37;10.439;0.0
-2.822;10.439;0.0
-2.274;10.439;0.0
-2.274;10.249;0.0
-2.274;10.06;0.0
-2.084;10.06;0.0
-1.894;10.06;0.0
-1.894;9.87;0.0
-1.894;9.68;0.0
-1.325;9.68;0.0
-0.756;9.68;0.0
-0.756;10.249;0.0
-0.756;10.818;0.0
-0.946;10.818;0.0
-1.135;10.818;0.0
-1.135;10.987;0.0
-1.135;11.156;0.0
-1.325;11.156;0.0
-1.515;11.156;0.0
-1.515;11.346;0.0
-1.515;11.535;0.0
-1.325;11.535;0.0
-1.135;11.535;0.0
-1.135;11.725;0.0
-1.135;11.915;0.0
-0.946;11.915;0.0
-0.756;11.915;0.0
-0.756;12.104;0.0
-0.756;12.294;0.0
-0.208;12.294;0.0
0.34;12.294;0.0
0.34;12.104;0.0
0.34;11.915;0.0
0.151;11.915;0.0
-0.039;11.915;0.0
-0.039;11.725;0.0
-0.039;11.535;0.0
-0.208;11.535;0.0
-0.376;11.535;0.0
-0.376;11.346;0.0
-0.376;11.156;0.0
0.931;11.156;0.0
2.238;11.156;0.0
2.238;11.346;0.0
2.238;11.535;0.0
2.786;11.535;0.0
3.334;11.535;0.0
3.334;11.725;0.0
3.334;11.915;0.0
3.713;11.915;0.0
4.093;11.915;0.0
4.093;12.294;0.0
4.093;12.674;0.0
4.451;12.674;0.0
4.809;12.674;0.0
4.809;12.294;0.0
4.809;11.915;0.0
4.641;11.915;0.0
4.472;11.915;0.0
4.472;11.725;0.0
4.472;11.535;0.0
4.282;11.535;0.0
4.093;11.535;0.0
4.093;11.346;0.0
4.093;11.156;0.0
3.903;11.156;0.0
3.713;11.156;0.0
3.713;10.987;0.0
3.713;10.818;0.0
3.334;10.818;0.0
2.954;10.818;0.0
2.954;10.629;0.0
2.954;10.439;0.0
2.596;10.439;0.0
2.238;10.439;0.0
2.238;10.249;0.0
2.238;10.06;0.0
2.048;10.06;0.0
1.858;10.06;0.0
1.858;9.87;0.0
1.858;9.68;0.0
2.216;9.68;0.0
2.575;9.68;0.0
2.575;9.87;0.0
2.575;10.06;0.0
2.954;10.06;0.0
3.334;10.06;0.0
3.334;10.249;0.0
3.334;10.439;0.0
3.903;10.439;0.0
4.472;10.439;0.0
4.472;10.629;0.0
4.472;10.818;0.0
4.641;10.818;0.0
4.809;10.818;0.0
4.809;10.987;0.0
4.809;11.156;0.0
4.999;11.156;0.0
5.189;11.156;0.0
5.189;11.346;0.0
5.189;11.535;0.0
5.379;11.535;0.0
5.568;11.535;0.0
5.568;11.915;0.0
5.568;12.294;0.0
5.758;12.294;0.0
5.948;12.294;0.0
5.948;12.484;0.0
5.948;12.674;0.0
6.137;12.674;0.0
6.327;12.674;0.0
6.327;13.053;0.0
6.327;13.432;0.0
6.517;13.432;0.0
6.707;13.432;0.0
6.707;13.601;0.0
6.707;13.77;0.0
7.255;13.77;0.0
7.803;13.77;0.0
7.803;13.601;0.0
7.803;13.432;0.0
7.993;13.432;0.0
8.182;13.432;0.0
8.182;13.053;0.0
8.182;12.674;0.0
8.372;12.674;0.0
8.562;12.674;0.0
8.562;12.484;0.0
8.562;12.294;0.0
8.751;12.294;0.0
8.941;12.294;0.0
8.941;12.104;0.0
8.941;11.915;0.0
9.131;11.915;0.0
9.321;11.915;0.0
9.321;11.725;0.0
9.321;11.535;0.0
9.869;11.535;0.0
10.417;11.535;0.0
10.417;11.725;0.0
10.417;11.915;0.0
12.462;11.915;0.0
14.506;11.915;0.0
14.506;11.725;0.0
14.506;11.535;0.0
15.076;11.535;0.0
15.645;11.535;0.0
15.645;11.346;0.0
15.645;11.156;0.0
15.834;11.156;0.0
16.024;11.156;0.0
16.024;10.987;0.0
16.024;10.818;0.0
16.214;10.818;0.0
16.404;10.818;0.0
16.404;10.629;0.0
16.404;10.439;0.0
16.593;10.439;0.0
16.783;10.439;0.0
16.783;10.06;0.0
16.783;9.68;0.0
16.952;9.68;0.0
17.12;9.68;0.0
17.12;9.49;0.0
17.12;9.301;0.0
17.31;9.301;0.0
17.5;9.301;0.0
17.5;9.111;0.0
17.5;8.921;0.0
17.69;8.921;0.0
17.879;8.921;0.0
17.879;8.563;0.0
17.879;8.205;0.0
18.069;8.205;0.0
18.259;8.205;0.0
18.259;8.015;0.0
18.259;7.825;0.0
18.448;7.825;0.0
18.638;7.825;0.0
18.638;7.446;0.0
18.638;7.066;0.0
18.828;7.066;0.0
19.018;7.066;0.0
19.018;6.687;0.0
19.018;6.307;0.0
19.186;6.307;0.0
19.355;6.307;0.0
19.355;5.949;0.0
19.355;5.591;0.0
19.545;5.591;0.0
19.734;5.591;0.0
19.734;5.021;0.0
19.734;4.452;0.0
19.924;4.452;0.0
20.114;4.452;0.0
20.114;4.073;0.0
20.114;3.693;0.0
20.304;3.693;0.0
20.493;3.693;0.0
20.493;3.145;0.0
20.493;2.597;0.0
20.683;2.597;0.0
20.873;2.597;0.0
20.873;2.028;0.0
20.873;1.459;0.0
21.062;1.459;0.0
21.252;1.459;0.0
21.252;0.911;0.0
21.252;0.363;0.0
21.442;0.363;0.0
21.632;0.363;0.0
21.632;-0.207;0.0
21.632;-0.776;0.0
21.8;-0.776;0.0
21.969;-0.776;0.0
21.969;-1.703;0.0
21.969;-2.631;0.0
22.159;-2.631;0.0
22.348;-2.631;0.0
22.348;-3.179;0.0
22.348;-3.727;0.0
22.159;-3.727;0.0
21.969;-3.727;0.0
21.969;-4.296;0.0
21.969;-4.865;0.0
22.159;-4.865;0.0
22.348;-4.865;0.0
22.348;-6.552;0.0
22.348;-8.238;0.0
22.538;-8.238;0.0
22.728;-8.238;0.0
22.728;-9.356;0.0
22.728;-10.473;0.0
22.918;-10.473;0.0
23.107;-10.473;0.0
23.107;-10.663;0.0
23.107;-10.852;0.0
23.297;-10.852;0.0
23.487;-10.852;0.0
23.487;-11.59;0.0
23.487;-12.328;0.0
23.676;-12.328;0.0
23.866;-12.328;0.0
23.866;-13.255;0.0
23.866;-14.183;0.0
24.035;-14.183;0.0
24.203;-14.183;0.0
24.203;-15.3;0.0
24.203;-16.418;0.0
24.393;-16.418;0.0
24.583;-16.418;0.0
24.583;-16.607;0.0
24.583;-16.797;0.0
24.773;-16.797;0.0
24.962;-16.797;0.0
24.962;-16.987;0.0
24.962;-17.176;0.0
25.152;-17.176;0.0
25.342;-17.176;0.0
25.342;-17.556;0.0
25.342;-17.935;0.0
25.532;-17.935;0.0
25.721;-17.935;0.0
25.721;-18.483;0.0
25.721;-19.032;0.0
25.911;-19.032;0.0
26.101;-19.032;0.0
26.101;-19.79;0.0
26.101;-20.549;0.0
25.911;-20.549;0.0
25.721;-20.549;0.0
25.721;-20.908;0.0
25.721;-21.266;0.0
25.911;-21.266;0.0
26.101;-21.266;0.0
26.101;-21.456;0.0
26.101;-21.646;0.0
26.29;-21.646;0.0
26.48;-21.646;0.0
26.48;-22.025;0.0
26.48;-22.404;0.0
26.839;-22.404;0.0
27.197;-22.404;0.0
27.197;-22.594;0.0
27.197;-22.784;0.0
27.576;-22.784;0.0
27.956;-22.784;0.0
27.956;-22.974;0.0
27.956;-23.163;0.0
28.335;-23.163;0.0
28.715;-23.163;0.0
28.715;-23.332;0.0
28.715;-23.501;0.0
28.883;-23.501;0.0
29.052;-23.501;0.0
29.052;-23.69;0.0
29.052;-23.88;0.0
29.242;-23.88;0.0
29.431;-23.88;0.0
29.431;-24.07;0.0
29.431;-24.26;0.0
29.621;-24.26;0.0
29.811;-24.26;0.0
29.811;-24.829;0.0
29.811;-25.398;0.0
29.621;-25.398;0.0
29.431;-25.398;0.0
29.431;-25.588;0.0
29.431;-25.777;0.0
30.001;-25.777;0.0
30.57;-25.777;0.0
30.57;-25.946;0.0
30.57;-26.115;0.0
30.949;-26.115;0.0
31.329;-26.115;0.0
31.329;-25.946;0.0
31.329;-25.777;0.0
31.139;-25.777;0.0
30.949;-25.777;0.0
30.949;-25.398;0.0
30.949;-25.018;0.0
31.139;-25.018;0.0
31.329;-25.018;0.0
31.329;-25.208;0.0
31.329;-25.398;0.0
31.687;-25.398;0.0
32.045;-25.398;0.0
32.045;-25.588;0.0
32.045;-25.777;0.0
32.235;-25.777;0.0
32.425;-25.777;0.0
32.425;-25.946;0.0
32.425;-26.115;0.0
32.235;-26.115;0.0
32.045;-26.115;0.0
32.045;-26.304;0.0
32.045;-26.494;0.0
31.687;-26.494;0.0
31.329;-26.494;0.0
31.329;-26.684;0.0
31.329;-26.873;0.0
30.759;-26.873;0.0
30.19;-26.873;0.0
30.19;-27.063;0.0
30.19;-27.253;0.0
29.811;-27.253;0.0
29.431;-27.253;0.0
29.431;-27.443;0.0
29.431;-27.632;0.0
28.314;-27.632;0.0
27.197;-27.632;0.0
27.197;-27.822;0.0
27.197;-28.012;0.0
26.839;-28.012;0.0
26.48;-28.012;0.0
26.48;-27.822;0.0
26.48;-27.632;0.0
26.29;-27.632;0.0
26.101;-27.632;0.0
26.101;-27.253;0.0
26.101;-26.873;0.0
25.911;-26.873;0.0
25.721;-26.873;0.0
25.721;-26.494;0.0
25.721;-26.115;0.0
25.532;-26.115;0.0
25.342;-26.115;0.0
25.342;-25.946;0.0
25.342;-25.777;0.0
25.152;-25.777;0.0
24.962;-25.777;0.0
24.962;-25.588;0.0
24.962;-25.398;0.0
24.773;-25.398;0.0
24.583;-25.398;0.0
24.583;-25.208;0.0
24.583;-25.018;0.0
24.225;-25.018;0.0
23.866;-25.018;0.0
23.866;-24.829;0.0
23.866;-24.639;0.0
23.676;-24.639;0.0
23.487;-24.639;0.0
23.487;-24.26;0.0
23.487;-23.88;0.0
23.297;-23.88;0.0
23.107;-23.88;0.0
23.107;-23.522;0.0
23.107;-23.163;0.0
22.918;-23.163;0.0
22.728;-23.163;0.0
22.728;-22.974;0.0
22.728;-22.784;0.0
22.538;-22.784;0.0
22.348;-22.784;0.0
22.348;-22.404;0.0
22.348;-22.025;0.0
22.159;-22.025;0.0
21.969;-22.025;0.0
21.969;-21.835;0.0
21.969;-21.646;0.0
21.8;-21.646;0.0
21.632;-21.646;0.0
21.632;-21.456;0.0
21.632;-21.266;0.0
21.442;-21.266;0.0
21.252;-21.266;0.0
21.252;-21.097;0.0
21.252;-20.929;0.0
21.062;-20.929;0.0
20.873;-20.929;0.0
20.873;-20.739;0.0
20.873;-20.549;0.0
20.683;-20.549;0.0
20.493;-20.549;0.0
20.493;-20.17;0.0
20.493;-19.79;0.0
20.304;-19.79;0.0
20.114;-19.79;0.0
20.114;-19.411;0.0
20.114;-19.032;0.0
19.924;-19.032;0.0
19.734;-19.032;0.0
19.734;-18.842;0.0
19.734;-18.652;0.0
19.545;-18.652;0.0
19.355;-18.652;0.0
19.355;-18.294;0.0
19.355;-17.935;0.0
19.186;-17.935;0.0
19.018;-17.935;0.0
19.018;-17.746;0.0
19.018;-17.556;0.0
18.828;-17.556;0.0
18.638;-17.556;0.0
18.638;-17.366;0.0
18.638;-17.176;0.0
18.448;-17.176;0.0
18.259;-17.176;0.0
18.259;-16.987;0.0
18.259;-16.797;0.0
18.069;-16.797;0.0
17.879;-16.797;0.0
17.879;-16.439;0.0
17.879;-16.08;0.0
17.69;-16.08;0.0
17.5;-16.08;0.0
17.5;-14.942;0.0
17.5;-13.804;0.0
17.31;-13.804;0.0
17.12;-13.804;0.0
17.12;-13.635;0.0
17.12;-13.466;0.0
16.952;-13.466;0.0
16.783;-13.466;0.0
16.783;-13.087;0.0
16.783;-12.707;0.0
16.593;-12.707;0.0
16.404;-12.707;0.0
16.404;-12.328;0.0
16.404;-11.948;0.0
16.214;-11.948;0.0
16.024;-11.948;0.0
16.024;-11.4;0.0
16.024;-10.852;0.0
15.834;-10.852;0.0
15.645;-10.852;0.0
15.645;-10.283;0.0
15.645;-9.714;0.0
15.455;-9.714;0.0
15.265;-9.714;0.0
15.265;-9.334;0.0
15.265;-8.955;0.0
15.076;-8.955;0.0
14.886;-8.955;0.0
14.886;-8.786;0.0
14.886;-8.618;0.0
14.527;-8.618;0.0
14.169;-8.618;0.0
14.169;-12.897;0.0
14.169;-17.176;0.0
13.979;-17.176;0.0
13.79;-17.176;0.0
13.79;-18.104;0.0
13.79;-19.032;0.0
13.6;-19.032;0.0
13.41;-19.032;0.0
13.41;-19.79;0.0
13.41;-20.549;0.0
13.22;-20.549;0.0
13.031;-20.549;0.0
13.031;-21.477;0.0
13.031;-22.404;0.0
12.841;-22.404;0.0
12.651;-22.404;0.0
12.651;-24.091;0.0
12.651;-25.777;0.0
12.462;-25.777;0.0
12.272;-25.777;0.0
12.272;-26.325;0.0
12.272;-26.873;0.0
11.724;-26.873;0.0
11.176;-26.873;0.0
11.176;-27.253;0.0
11.176;-27.632;0.0
11.365;-27.632;0.0
11.555;-27.632;0.0
11.555;-27.822;0.0
11.555;-28.012;0.0
10.986;-28.012;0.0
10.417;-28.012;0.0
10.417;-28.37;0.0
10.417;-28.729;0.0
10.607;-28.729;0.0
10.796;-28.729;0.0
10.796;-28.918;0.0
10.796;-29.108;0.0
10.986;-29.108;0.0
11.176;-29.108;0.0
11.176;-29.298;0.0
11.176;-29.487;0.0
11.555;-29.487;0.0
11.935;-29.487;0.0
11.935;-29.298;0.0
11.935;-29.108;0.0
12.103;-29.108;0.0
12.272;-29.108;0.0
12.272;-30.225;0.0
12.272;-31.343;0.0
12.103;-31.343;0.0
11.935;-31.343;0.0
11.935;-31.153;0.0
11.935;-30.963;0.0
11.745;-30.963;0.0
11.555;-30.963;0.0
11.555;-31.153;0.0
11.555;-31.343;0.0
11.365;-31.343;0.0
11.176;-31.343;0.0
11.176;-31.532;0.0
11.176;-31.722;0.0
10.607;-31.722;0.0
10.037;-31.722;0.0
10.037;-31.912;0.0
10.037;-32.101;0.0
10.227;-32.101;0.0
10.417;-32.101;0.0
10.417;-32.291;0.0
10.417;-32.481;0.0
11.176;-32.481;0.0
11.935;-32.481;0.0
11.935;-32.671;0.0
11.935;-32.86;0.0
11.745;-32.86;0.0
11.555;-32.86;0.0
11.555;-33.05;0.0
11.555;-33.24;0.0
10.986;-33.24;0.0
10.417;-33.24;0.0
10.417;-33.408;0.0
10.417;-33.577;0.0
10.796;-33.577;0.0
11.176;-33.577;0.0
11.176;-33.767;0.0
11.176;-33.957;0.0
11.724;-33.957;0.0
12.272;-33.957;0.0
12.272;-34.146;0.0
12.272;-34.336;0.0
12.103;-34.336;0.0
11.935;-34.336;0.0
11.935;-34.526;0.0
11.935;-34.715;0.0
11.365;-34.715;0.0
10.796;-34.715;0.0
10.796;-34.905;0.0
10.796;-35.095;0.0
11.176;-35.095;0.0
11.555;-35.095;0.0
11.555;-35.285;0.0
11.555;-35.474;0.0
11.745;-35.474;0.0
11.935;-35.474;0.0
11.935;-35.664;0.0
11.935;-35.854;0.0
12.483;-35.854;0.0
13.031;-35.854;0.0
13.031;-36.022;0.0
13.031;-36.191;0.0
13.22;-36.191;0.0
13.41;-36.191;0.0
13.41;-36.381;0.0
13.41;-36.571;0.0
12.841;-36.571;0.0
12.272;-36.571;0.0
12.272;-36.76;0.0
12.272;-36.95;0.0
12.103;-36.95;0.0
11.935;-36.95;0.0
11.935;-37.688;0.0
11.935;-38.426;0.0
11.176;-38.426;0.0
10.417;-38.426;0.0
10.417;-38.615;0.0
10.417;-38.805;0.0
10.796;-38.805;0.0
11.176;-38.805;0.0
11.176;-38.995;0.0
11.176;-39.185;0.0
11.555;-39.185;0.0
11.935;-39.185;0.0
11.935;-39.374;0.0
11.935;-39.564;0.0
12.103;-39.564;0.0
12.272;-39.564;0.0
12.272;-39.754;0.0
12.272;-39.943;0.0
12.103;-39.943;0.0
11.935;-39.943;0.0
11.935;-40.133;0.0
11.935;-40.323;0.0
11.745;-40.323;0.0
11.555;-40.323;0.0
11.555;-40.133;0.0
11.555;-39.943;0.0
10.986;-39.943;0.0
10.417;-39.943;0.0
10.417;-39.754;0.0
10.417;-39.564;0.0
9.489;-39.564;0.0
8.562;-39.564;0.0
8.562;-39.374;0.0
8.562;-39.185;0.0
7.444;-39.185;0.0
6.327;-39.185;0.0
6.327;-39.374;0.0
6.327;-39.564;0.0
6.137;-39.564;0.0
5.948;-39.564;0.0
5.948;-39.754;0.0
5.948;-39.943;0.0
4.641;-39.943;0.0
3.334;-39.943;0.0
3.334;-40.133;0.0
3.334;-40.323;0.0
4.451;-40.323;0.0
5.568;-40.323;0.0
5.568;-40.513;0.0
5.568;-40.702;0.0
4.641;-40.702;0.0
3.713;-40.702;0.0
3.713;-41.25;0.0
3.713;-41.798;0.0
3.523;-41.798;0.0
3.334;-41.798;0.0
3.334;-42.178;0.0
3.334;-42.557;0.0
3.144;-42.557;0.0
2.954;-42.557;0.0
2.954;-42.368;0.0
2.954;-42.178;0.0
2.596;-42.178;0.0
2.238;-42.178;0.0
2.238;-42.557;0.0
2.238;-42.937;0.0
2.406;-42.937;0.0
2.575;-42.937;0.0
2.575;-43.127;0.0
2.575;-43.316;0.0
2.765;-43.316;0.0
2.954;-43.316;0.0
2.954;-44.244;0.0
2.954;-45.171;0.0
2.765;-45.171;0.0
2.575;-45.171;0.0
2.575;-45.909;0.0
2.575;-46.647;0.0
2.406;-46.647;0.0
2.238;-46.647;0.0
2.238;-47.026;0.0
2.238;-47.406;0.0
2.048;-47.406;0.0
1.858;-47.406;0.0
1.858;-47.216;0.0
1.858;-47.026;0.0
1.668;-47.026;0.0
1.479;-47.026;0.0
1.479;-46.457;0.0
1.479;-45.888;0.0
1.289;-45.888;0.0
1.099;-45.888;0.0
1.099;-45.15;0.0
1.099;-44.412;0.0
0.909;-44.412;0.0
0.72;-44.412;0.0
0.72;-43.864;0.0
0.72;-43.316;0.0
0.53;-43.316;0.0
0.34;-43.316;0.0
0.34;-42.368;0.0
0.34;-41.419;0.0
0.151;-41.419;0.0
-0.039;-41.419;0.0
-0.039;-40.871;0.0
-0.039;-40.323;0.0
-0.208;-40.323;0.0
-0.376;-40.323;0.0
-0.376;-40.513;0.0
-0.376;-40.702;0.0
-0.566;-40.702;0.0
-0.756;-40.702;0.0
-0.756;-41.44;0.0
-0.756;-42.178;0.0
-0.946;-42.178;0.0
-1.135;-42.178;0.0
-1.135;-42.916;0.0
-1.135;-43.654;0.0
-1.325;-43.654;0.0
-1.515;-43.654;0.0
-1.515;-44.223;0.0
-1.515;-44.792;0.0
-1.705;-44.792;0.0
-1.894;-44.792;0.0
-1.894;-45.719;0.0
-1.894;-46.647;0.0
-2.084;-46.647;0.0
-2.274;-46.647;0.0
-2.274;-48.144;0.0
-2.274;-49.64;0.0
-2.442;-49.64;0.0
-2.611;-49.64;0.0
-2.611;-50.378;0.0
-2.611;-51.116;0.0
-2.801;-51.116;0.0
-2.99;-51.116;0.0
-2.99;-52.423;0.0
-2.99;-53.73;0.0
-3.18;-53.73;0.0
-3.37;-53.73;0.0
-3.37;-54.847;0.0
-3.37;-55.965;0.0
-3.56;-55.965;0.0
-3.749;-55.965;0.0
-3.749;-56.913;0.0
-3.749;-57.862;0.0
-3.939;-57.862;0.0
-4.129;-57.862;0.0
-4.129;-58.41;0.0
-4.129;-58.958;0.0
-4.318;-58.958;0.0
-4.508;-58.958;0.0
-4.508;-59.337;0.0
-4.508;-59.717;0.0
-4.698;-59.717;0.0
-4.888;-59.717;0.0
-4.888;-59.907;0.0
-4.888;-60.096;0.0
-5.056;-60.096;0.0
-5.225;-60.096;0.0
-5.225;-60.286;0.0
-5.225;-60.476;0.0
-5.415;-60.476;0.0
-5.604;-60.476;0.0
-5.604;-60.644;0.0
-5.604;-60.813;0.0
-5.984;-60.813;0.0
-6.363;-60.813;0.0
-6.363;-61.003;0.0
-6.363;-61.193;0.0
-6.743;-61.193;0.0
-4.698;-56.344;0.0
-4.508;-56.344;0.0
-4.508;-56.154;0.0
-4.508;-55.965;0.0
-4.698;-55.965;0.0
-4.888;-55.965;0.0
-4.888;-56.154;0.0
-4.888;-56.344;0.0
-4.698;-56.344;0.0
-6.932;-55.627;0.0
-7.122;-55.627;0.0
-7.122;-55.248;0.0
-7.122;-54.868;0.0
-6.932;-54.868;0.0
-6.743;-54.868;0.0
-6.743;-55.248;0.0
-6.743;-55.627;0.0
-6.932;-55.627;0.0
-7.649;-54.868;0.0
-7.839;-54.868;0.0
-7.839;-54.489;0.0
-7.839;-54.11;0.0
-7.481;-54.11;0.0
-7.122;-54.11;0.0
-7.122;-54.299;0.0
-7.122;-54.489;0.0
-7.291;-54.489;0.0
-7.459;-54.489;0.0
-7.459;-54.679;0.0
-7.459;-54.868;0.0
-7.649;-54.868;0.0
-9.357;-50.02;0.0
-9.736;-50.02;0.0
-9.736;-49.64;0.0
-9.736;-49.261;0.0
-9.546;-49.261;0.0
-9.357;-49.261;0.0
-9.357;-49.451;0.0
-9.357;-49.64;0.0
-9.167;-49.64;0.0
-8.977;-49.64;0.0
-8.977;-49.83;0.0
-8.977;-50.02;0.0
-9.357;-50.02;0.0
-9.905;-47.785;0.0
-10.073;-47.785;0.0
-10.073;-47.216;0.0
-10.073;-46.647;0.0
-9.905;-46.647;0.0
-9.736;-46.647;0.0
-9.736;-47.216;0.0
-9.736;-47.785;0.0
-9.905;-47.785;0.0
-11.781;-44.033;0.0
-11.971;-44.033;0.0
-11.971;-43.843;0.0
-11.971;-43.654;0.0
-12.139;-43.654;0.0
-12.308;-43.654;0.0
-12.308;-43.485;0.0
-12.308;-43.316;0.0
-11.95;-43.316;0.0
-11.591;-43.316;0.0
-11.591;-43.675;0.0
-11.591;-44.033;0.0
-11.781;-44.033;0.0
-2.084;-36.191;0.0
-1.894;-36.191;0.0
-1.894;-36.022;0.0
-1.894;-35.854;0.0
-2.084;-35.854;0.0
-2.274;-35.854;0.0
-2.274;-36.022;0.0
-2.274;-36.191;0.0
-2.084;-36.191;0.0
-2.084;-32.481;0.0
-2.274;-32.481;0.0
-2.274;-32.291;0.0
-2.274;-32.101;0.0
-2.442;-32.101;0.0
-2.611;-32.101;0.0
-2.611;-31.722;0.0
-2.611;-31.343;0.0
-2.442;-31.343;0.0
-2.274;-31.343;0.0
-2.274;-31.532;0.0
-2.274;-31.722;0.0
-1.894;-31.722;0.0
-1.515;-31.722;0.0
-1.515;-31.912;0.0
-1.515;-32.101;0.0
-1.705;-32.101;0.0
-1.894;-32.101;0.0
-1.894;-32.291;0.0
-1.894;-32.481;0.0
-2.084;-32.481;0.0
-0.566;-31.722;0.0
-0.756;-31.722;0.0
-0.756;-31.532;0.0
-0.756;-31.343;0.0
-0.566;-31.343;0.0
-0.376;-31.343;0.0
-0.376;-30.984;0.0
-0.376;-30.626;0.0
-0.208;-30.626;0.0
-0.039;-30.626;0.0
-0.039;-30.984;0.0
-0.039;-31.343;0.0
-0.208;-31.343;0.0
-0.376;-31.343;0.0
-0.376;-31.532;0.0
-0.376;-31.722;0.0
-0.566;-31.722;0.0
-3.37;-30.963;0.0
-3.749;-30.963;0.0
-3.749;-30.794;0.0
-3.749;-30.626;0.0
-3.939;-30.626;0.0
-4.129;-30.626;0.0
-4.129;-30.436;0.0
-4.129;-30.246;0.0
-4.508;-30.246;0.0
-4.888;-30.246;0.0
-4.888;-30.057;0.0
-4.888;-29.867;0.0
-4.129;-29.867;0.0
-3.37;-29.867;0.0
-3.37;-30.057;0.0
-3.37;-30.246;0.0
-3.18;-30.246;0.0
-2.99;-30.246;0.0
-2.99;-30.605;0.0
-2.99;-30.963;0.0
-3.37;-30.963;0.0
-8.408;-28.391;0.0
-8.977;-28.391;0.0
-8.977;-28.202;0.0
-8.977;-28.012;0.0
-8.788;-28.012;0.0
-8.598;-28.012;0.0
-8.598;-27.822;0.0
-8.598;-27.632;0.0
-8.408;-27.632;0.0
-8.218;-27.632;0.0
-8.218;-27.443;0.0
-8.218;-27.253;0.0
-7.839;-27.253;0.0
-7.459;-27.253;0.0
-7.459;-26.684;0.0
-7.459;-26.115;0.0
-7.291;-26.115;0.0
-7.122;-26.115;0.0
-7.122;-26.873;0.0
-7.122;-27.632;0.0
-7.481;-27.632;0.0
-7.839;-27.632;0.0
-7.839;-28.012;0.0
-7.839;-28.391;0.0
-8.408;-28.391;0.0
-8.788;-24.639;0.0
-8.598;-24.639;0.0
-8.598;-24.449;0.0
-8.598;-24.26;0.0
-8.788;-24.26;0.0
-8.977;-24.26;0.0
-8.977;-24.449;0.0
-8.977;-24.639;0.0
-8.788;-24.639;0.0
-8.029;-15.701;0.0
-7.839;-15.701;0.0
-7.839;-15.511;0.0
-7.839;-15.321;0.0
-7.649;-15.321;0.0
-7.459;-15.321;0.0
-7.459;-14.942;0.0
-7.459;-14.562;0.0
-7.291;-14.562;0.0
-7.122;-14.562;0.0
-7.122;-14.183;0.0
-7.122;-13.804;0.0
-7.291;-13.804;0.0
-7.459;-13.804;0.0
-7.459;-13.445;0.0
-7.459;-13.087;0.0
-7.649;-13.087;0.0
-7.839;-13.087;0.0
-7.839;-12.707;0.0
-7.839;-12.328;0.0
-8.029;-12.328;0.0
-8.218;-12.328;0.0
-8.218;-11.948;0.0
-8.218;-11.569;0.0
-8.408;-11.569;0.0
-8.598;-11.569;0.0
-8.598;-11.021;0.0
-8.598;-10.473;0.0
-8.788;-10.473;0.0
-8.977;-10.473;0.0
-8.977;-11.211;0.0
-8.977;-11.948;0.0
-8.788;-11.948;0.0
-8.598;-11.948;0.0
-8.598;-12.518;0.0
-8.598;-13.087;0.0
-8.408;-13.087;0.0
-8.218;-13.087;0.0
-8.218;-13.825;0.0
-8.218;-14.562;0.0
-8.408;-14.562;0.0
-8.598;-14.562;0.0
-8.598;-14.752;0.0
-8.598;-14.942;0.0
-8.408;-14.942;0.0
-8.218;-14.942;0.0
-8.218;-15.321;0.0
-8.218;-15.701;0.0
-8.029;-15.701;0.0
-6.553;-11.569;0.0
-6.363;-11.569;0.0
-6.363;-11.021;0.0
-6.363;-10.473;0.0
-6.553;-10.473;0.0
-6.743;-10.473;0.0
-6.743;-11.021;0.0
-6.743;-11.569;0.0
-6.553;-11.569;0.0
-10.643;-10.093;0.0
-10.453;-10.093;0.0
-10.453;-9.524;0.0
-10.453;-8.955;0.0
-10.643;-8.955;0.0
-10.832;-8.955;0.0
-10.832;-9.524;0.0
-10.832;-10.093;0.0
-10.643;-10.093;0.0
-7.649;-6.004;0.0
-7.459;-6.004;0.0
-7.459;-5.624;0.0
-7.459;-5.245;0.0
-7.649;-5.245;0.0
-7.839;-5.245;0.0
-7.839;-4.486;0.0
-7.839;-3.727;0.0
-8.029;-3.727;0.0
-8.218;-3.727;0.0
-8.218;-2.989;0.0
-8.218;-2.251;0.0
-8.408;-2.251;0.0
-8.598;-2.251;0.0
-8.598;-2.631;0.0
-8.598;-3.01;0.0
-8.788;-3.01;0.0
-8.977;-3.01;0.0
-8.977;-3.369;0.0
-8.977;-3.727;0.0
-8.788;-3.727;0.0
-8.598;-3.727;0.0
-8.598;-4.296;0.0
-8.598;-4.865;0.0
-8.408;-4.865;0.0
-8.218;-4.865;0.0
-8.218;-5.245;0.0
-8.218;-5.624;0.0
-8.029;-5.624;0.0
-7.839;-5.624;0.0
-7.839;-5.814;0.0
-7.839;-6.004;0.0
-7.649;-6.004;0.0
-7.839;-0.776;0.0
-7.459;-0.776;0.0
-7.459;-0.396;0.0
-7.459;-0.017;0.0
-7.291;-0.017;0.0
-7.122;-0.017;0.0
-7.122;0.173;0.0
-7.122;0.363;0.0
-7.291;0.363;0.0
-7.459;0.363;0.0
-7.459;0.173;0.0
-7.459;-0.017;0.0
-7.649;-0.017;0.0
-7.839;-0.017;0.0
-7.839;-0.207;0.0
-7.839;-0.396;0.0
-8.029;-0.396;0.0
-8.218;-0.396;0.0
-8.218;-0.586;0.0
-8.218;-0.776;0.0
-7.839;-0.776;0.0
-9.546;4.452;0.0
-9.357;4.452;0.0
-9.357;4.832;0.0
-9.357;5.211;0.0
-9.546;5.211;0.0
-9.736;5.211;0.0
-9.736;4.832;0.0
-9.736;4.452;0.0
-9.546;4.452;0.0
-4.867;7.446;0.0
-4.508;7.446;0.0
-4.508;7.635;0.0
-4.508;7.825;0.0
-4.867;7.825;0.0
-5.225;7.825;0.0
-5.225;7.635;0.0
-5.225;7.446;0.0
-4.867;7.446;0.0
-5.056;8.205;0.0
-4.888;8.205;0.0
-4.888;8.394;0.0
-4.888;8.584;0.0
-5.056;8.584;0.0
-5.225;8.584;0.0
-5.225;8.394;0.0
-5.225;8.205;0.0
-5.056;8.205;0.0
-2.801;9.301;0.0
-2.611;9.301;0.0
-2.611;9.49;0.0
-2.611;9.68;0.0
-2.801;9.68;0.0
-2.99;9.68;0.0
-2.99;9.49;0.0
-2.99;9.301;0.0
-2.801;9.301;0.0
-3.56;10.818;0.0
-3.749;10.818;0.0
-3.749;10.987;0.0
-3.749;11.156;0.0
-3.939;11.156;0.0
-4.129;11.156;0.0
-4.129;11.915;0.0
-4.129;12.674;0.0
-3.939;12.674;0.0
-3.749;12.674;0.0
-3.749;12.484;0.0
-3.749;12.294;0.0
-3.56;12.294;0.0
-3.37;12.294;0.0
-3.37;11.556;0.0
-3.37;10.818;0.0
-3.56;10.818;0.0
-0.946;12.674;0.0
-1.135;12.674;0.0
-1.135;12.863;0.0
-1.135;13.053;0.0
-0.946;13.053;0.0
-0.756;13.053;0.0
-0.756;12.863;0.0
-0.756;12.674;0.0
-0.946;12.674;0.0
0.53;13.053;0.0
-0.039;13.053;0.0
-0.039;13.243;0.0
-0.039;13.432;0.0
-0.777;13.432;0.0
-1.515;13.432;0.0
-1.515;13.791;0.0
-1.515;14.149;0.0
-1.325;14.149;0.0
-1.135;14.149;0.0
-1.135;14.529;0.0
-1.135;14.908;0.0
-1.515;14.908;0.0
-1.894;14.908;0.0
-1.894;15.288;0.0
-1.894;15.667;0.0
-2.084;15.667;0.0
-2.274;15.667;0.0
-2.274;15.857;0.0
-2.274;16.046;0.0
-1.894;16.046;0.0
-1.515;16.046;0.0
-1.515;16.215;0.0
-1.515;16.384;0.0
-1.705;16.384;0.0
-1.894;16.384;0.0
-1.894;16.573;0.0
-1.894;16.763;0.0
-1.705;16.763;0.0
-1.515;16.763;0.0
-1.515;17.143;0.0
-1.515;17.522;0.0
-1.135;17.522;0.0
-0.756;17.522;0.0
-0.756;17.902;0.0
-0.756;18.281;0.0
-0.566;18.281;0.0
-0.376;18.281;0.0
-0.376;18.639;0.0
-0.376;18.998;0.0
-0.208;18.998;0.0
-0.039;18.998;0.0
-0.039;19.187;0.0
-0.039;19.377;0.0
0.53;19.377;0.0
1.099;19.377;0.0
1.099;19.567;0.0
1.099;19.757;0.0
1.289;19.757;0.0
1.479;19.757;0.0
1.479;19.946;0.0
1.479;20.136;0.0
1.858;20.136;0.0
2.238;20.136;0.0
2.238;20.326;0.0
2.238;20.516;0.0
2.048;20.516;0.0
1.858;20.516;0.0
1.858;20.874;0.0
1.858;21.232;0.0
1.668;21.232;0.0
1.479;21.232;0.0
1.479;21.422;0.0
1.479;21.612;0.0
1.289;21.612;0.0
1.099;21.612;0.0
1.099;21.801;0.0
1.099;21.991;0.0
0.909;21.991;0.0
0.72;21.991;0.0
0.72;22.181;0.0
0.72;22.371;0.0
0.34;22.371;0.0
-0.039;22.371;0.0
-0.039;22.56;0.0
-0.039;22.75;0.0
-0.398;22.75;0.0
-0.756;22.75;0.0
-0.756;22.56;0.0
-0.756;22.371;0.0
-0.946;22.371;0.0
-1.135;22.371;0.0
-1.135;22.181;0.0
-1.135;21.991;0.0
-1.325;21.991;0.0
-1.515;21.991;0.0
-1.515;22.181;0.0
-1.515;22.371;0.0
-1.894;22.371;0.0
-2.274;22.371;0.0
-2.274;22.75;0.0
-2.274;23.13;0.0
-2.442;23.13;0.0
-2.611;23.13;0.0
-2.611;23.298;0.0
-2.611;23.467;0.0
-2.442;23.467;0.0
-2.274;23.467;0.0
-2.274;23.657;0.0
-2.274;23.846;0.0
-1.705;23.846;0.0
-1.135;23.846;0.0
-1.135;24.036;0.0
-1.135;24.226;0.0
-1.325;24.226;0.0
-1.515;24.226;0.0
-1.515;24.415;0.0
-1.515;24.605;0.0
-0.946;24.605;0.0
-0.376;24.605;0.0
-0.376;24.795;0.0
-0.376;24.985;0.0
0.931;24.985;0.0
2.238;24.985;0.0
2.238;25.364;0.0
2.238;25.744;0.0
2.786;25.744;0.0
3.334;25.744;0.0
3.334;25.554;0.0
3.334;25.364;0.0
3.713;25.364;0.0
4.093;25.364;0.0
4.093;24.985;0.0
4.093;24.605;0.0
4.282;24.605;0.0
4.472;24.605;0.0
4.472;24.795;0.0
4.472;24.985;0.0
4.83;24.985;0.0
5.189;24.985;0.0
5.189;24.795;0.0
5.189;24.605;0.0
5.379;24.605;0.0
5.568;24.605;0.0
5.568;24.415;0.0
5.568;24.226;0.0
5.758;24.226;0.0
5.948;24.226;0.0
5.948;24.036;0.0
5.948;23.846;0.0
6.517;23.846;0.0
7.086;23.846;0.0
7.086;23.657;0.0
7.086;23.467;0.0
7.255;23.467;0.0
7.423;23.467;0.0
7.423;23.298;0.0
7.423;23.13;0.0
7.613;23.13;0.0
7.803;23.13;0.0
7.803;22.56;0.0
7.803;21.991;0.0
7.993;21.991;0.0
8.182;21.991;0.0
8.182;21.612;0.0
8.182;21.232;0.0
8.372;21.232;0.0
8.562;21.232;0.0
8.562;21.064;0.0
8.562;20.895;0.0
8.941;20.895;0.0
9.321;20.895;0.0
9.321;20.516;0.0
9.321;20.136;0.0
9.489;20.136;0.0
9.658;20.136;0.0
9.658;19.567;0.0
9.658;18.998;0.0
9.489;18.998;0.0
9.321;18.998;0.0
9.321;18.639;0.0
9.321;18.281;0.0
9.131;18.281;0.0
8.941;18.281;0.0
8.941;17.522;0.0
8.941;16.763;0.0
8.751;16.763;0.0
8.562;16.763;0.0
8.562;16.215;0.0
8.562;15.667;0.0
8.372;15.667;0.0
8.182;15.667;0.0
8.182;15.477;0.0
8.182;15.288;0.0
7.803;15.288;0.0
7.423;15.288;0.0
7.423;15.667;0.0
7.423;16.046;0.0
7.613;16.046;0.0
7.803;16.046;0.0
7.803;16.215;0.0
7.803;16.384;0.0
7.255;16.384;0.0
6.707;16.384;0.0
6.707;16.215;0.0
6.707;16.046;0.0
6.137;16.046;0.0
5.568;16.046;0.0
5.568;15.857;0.0
5.568;15.667;0.0
5.379;15.667;0.0
5.189;15.667;0.0
5.189;15.477;0.0
5.189;15.288;0.0
4.999;15.288;0.0
4.809;15.288;0.0
4.809;15.836;0.0
4.809;16.384;0.0
4.641;16.384;0.0
4.472;16.384;0.0
4.472;16.763;0.0
4.472;17.143;0.0
3.903;17.143;0.0
3.334;17.143;0.0
3.334;16.763;0.0
3.334;16.384;0.0
3.144;16.384;0.0
2.954;16.384;0.0
2.954;16.215;0.0
2.954;16.046;0.0
2.406;16.046;0.0
1.858;16.046;0.0
1.858;15.857;0.0
1.858;15.667;0.0
1.289;15.667;0.0
0.72;15.667;0.0
0.72;15.477;0.0
0.72;15.288;0.0
0.53;15.288;0.0
0.34;15.288;0.0
0.34;15.098;0.0
0.34;14.908;0.0
0.53;14.908;0.0
0.72;14.908;0.0
0.72;14.718;0.0
0.72;14.529;0.0
0.909;14.529;0.0
1.099;14.529;0.0
1.099;14.339;0.0
1.099;14.149;0.0
1.289;14.149;0.0
1.479;14.149;0.0
1.479;13.959;0.0
1.479;13.77;0.0
1.289;13.77;0.0
1.099;13.77;0.0
1.099;13.411;0.0
1.099;13.053;0.0
0.53;13.053;0.0
-1.135;15.667;0.0
-0.756;15.667;0.0
-0.756;15.857;0.0
-0.756;16.046;0.0
-1.135;16.046;0.0
-1.515;16.046;0.0
-1.515;15.857;0.0
-1.515;15.667;0.0
-1.135;15.667;0.0
-3.56;16.763;0.0
-3.749;16.763;0.0
-3.749;16.953;0.0
-3.749;17.143;0.0
-3.939;17.143;0.0
-4.129;17.143;0.0
-4.129;17.332;0.0
-4.129;17.522;0.0
-4.318;17.522;0.0
-4.508;17.522;0.0
-4.508;17.712;0.0
-4.508;17.902;0.0
-3.939;17.902;0.0
-3.37;17.902;0.0
-3.37;18.091;0.0
-3.37;18.281;0.0
-3.18;18.281;0.0
-2.99;18.281;0.0
-2.99;18.639;0.0
-2.99;18.998;0.0
-2.632;18.998;0.0
-2.274;18.998;0.0
-2.274;18.26;0.0
-2.274;17.522;0.0
-2.632;17.522;0.0
-2.99;17.522;0.0
-2.99;17.332;0.0
-2.99;17.143;0.0
-3.18;17.143;0.0
-3.37;17.143;0.0
-3.37;16.953;0.0
-3.37;16.763;0.0
-3.56;16.763;0.0
1.668;18.998;0.0
1.858;18.998;0.0
1.858;19.187;0.0
1.858;19.377;0.0
1.668;19.377;0.0
1.479;19.377;0.0
1.479;19.187;0.0
1.479;18.998;0.0
1.668;18.998;0.0
2.954;17.143;0.0
3.334;17.143;0.0
3.334;17.522;0.0
3.334;17.902;0.0
3.523;17.902;0.0
3.713;17.902;0.0
3.713;17.712;0.0
3.713;17.522;0.0
4.261;17.522;0.0
4.809;17.522;0.0
4.809;17.332;0.0
4.809;17.143;0.0
5.189;17.143;0.0
5.568;17.143;0.0
5.568;17.332;0.0
5.568;17.522;0.0
5.379;17.522;0.0
5.189;17.522;0.0
5.189;17.712;0.0
5.189;17.902;0.0
4.999;17.902;0.0
4.809;17.902;0.0
4.809;18.091;0.0
4.809;18.281;0.0
4.641;18.281;0.0
4.472;18.281;0.0
4.472;18.45;0.0
4.472;18.618;0.0
4.282;18.618;0.0
4.093;18.618;0.0
4.093;18.45;0.0
4.093;18.281;0.0
3.713;18.281;0.0
3.334;18.281;0.0
3.334;18.45;0.0
3.334;18.618;0.0
2.596;18.618;0.0
1.858;18.618;0.0
1.858;18.45;0.0
1.858;18.281;0.0
2.406;18.281;0.0
2.954;18.281;0.0
2.954;18.091;0.0
2.954;17.902;0.0
2.765;17.902;0.0
2.575;17.902;0.0
2.575;17.522;0.0
2.575;17.143;0.0
2.954;17.143;0.0
6.517;14.149;0.0
5.948;14.149;0.0
5.948;14.529;0.0
5.948;14.908;0.0
6.137;14.908;0.0
6.327;14.908;0.0
6.327;15.098;0.0
6.327;15.288;0.0
6.707;15.288;0.0
7.086;15.288;0.0
7.086;14.718;0.0
7.086;14.149;0.0
6.517;14.149;0.0
5.379;13.053;0.0
4.809;13.053;0.0
4.809;13.243;0.0
4.809;13.432;0.0
5.379;13.432;0.0
5.948;13.432;0.0
5.948;13.243;0.0
5.948;13.053;0.0
5.379;13.053;0.0
1.858;8.921;0.0
2.238;8.921;0.0
2.238;9.111;0.0
2.238;9.301;0.0
1.858;9.301;0.0
1.479;9.301;0.0
1.479;9.111;0.0
1.479;8.921;0.0
1.858;8.921;0.0
-2.084;2.218;0.0
-1.894;2.218;0.0
-1.894;2.597;0.0
-1.894;2.977;0.0
-1.705;2.977;0.0
-1.515;2.977;0.0
-1.515;3.335;0.0
-1.515;3.693;0.0
-1.705;3.693;0.0
-1.894;3.693;0.0
-1.894;3.525;0.0
-1.894;3.356;0.0
-2.084;3.356;0.0
-2.274;3.356;0.0
-2.274;2.787;0.0
-2.274;2.218;0.0
-2.084;2.218;0.0
4.999;-5.624;0.0
5.189;-5.624;0.0
5.189;-5.435;0.0
5.189;-5.245;0.0
4.999;-5.245;0.0
4.809;-5.245;0.0
4.809;-5.435;0.0
4.809;-5.624;0.0
4.999;-5.624;0.0
1.289;-10.093;0.0
1.858;-10.093;0.0
1.858;-9.904;0.0
1.858;-9.714;0.0
2.216;-9.714;0.0
2.575;-9.714;0.0
2.575;-9.524;0.0
2.575;-9.334;0.0
2.765;-9.334;0.0
2.954;-9.334;0.0
2.954;-9.145;0.0
2.954;-8.955;0.0
3.144;-8.955;0.0
3.334;-8.955;0.0
3.334;-8.786;0.0
3.334;-8.618;0.0
3.523;-8.618;0.0
3.713;-8.618;0.0
3.713;-8.238;0.0
3.713;-7.859;0.0
3.903;-7.859;0.0
4.093;-7.859;0.0
4.093;-7.669;0.0
4.093;-7.479;0.0
4.282;-7.479;0.0
4.472;-7.479;0.0
4.472;-7.1;0.0
4.472;-6.721;0.0
4.641;-6.721;0.0
4.809;-6.721;0.0
4.809;-6.362;0.0
4.809;-6.004;0.0
4.641;-6.004;0.0
4.472;-6.004;0.0
4.472;-6.172;0.0
4.472;-6.341;0.0
4.282;-6.341;0.0
4.093;-6.341;0.0
4.093;-6.721;0.0
4.093;-7.1;0.0
3.903;-7.1;0.0
3.713;-7.1;0.0
3.713;-7.29;0.0
3.713;-7.479;0.0
3.523;-7.479;0.0
3.334;-7.479;0.0
3.334;-7.669;0.0
3.334;-7.859;0.0
3.144;-7.859;0.0
2.954;-7.859;0.0
2.954;-8.049;0.0
2.954;-8.238;0.0
2.765;-8.238;0.0
2.575;-8.238;0.0
2.575;-8.428;0.0
2.575;-8.618;0.0
2.406;-8.618;0.0
2.238;-8.618;0.0
2.238;-8.786;0.0
2.238;-8.955;0.0
2.048;-8.955;0.0
1.858;-8.955;0.0
1.858;-9.145;0.0
1.858;-9.334;0.0
1.479;-9.334;0.0
1.099;-9.334;0.0
1.099;-9.524;0.0
1.099;-9.714;0.0
0.909;-9.714;0.0
0.72;-9.714;0.0
0.72;-9.904;0.0
0.72;-10.093;0.0
1.289;-10.093;0.0
1.668;-11.569;0.0
1.479;-11.569;0.0
1.479;-11.211;0.0
1.479;-10.852;0.0
1.858;-10.852;0.0
2.238;-10.852;0.0
2.238;-11.021;0.0
2.238;-11.19;0.0
2.048;-11.19;0.0
1.858;-11.19;0.0
1.858;-11.379;0.0
1.858;-11.569;0.0
1.668;-11.569;0.0
-1.894;-14.942;0.0
-1.515;-14.942;0.0
-1.515;-14.752;0.0
-1.515;-14.562;0.0
-1.325;-14.562;0.0
-1.135;-14.562;0.0
-1.135;-14.373;0.0
-1.135;-14.183;0.0
-0.587;-14.183;0.0
-0.039;-14.183;0.0
-0.039;-13.993;0.0
-0.039;-13.804;0.0
0.34;-13.804;0.0
0.72;-13.804;0.0
0.72;-13.635;0.0
0.72;-13.466;0.0
0.909;-13.466;0.0
1.099;-13.466;0.0
1.099;-13.087;0.0
1.099;-12.707;0.0
1.479;-12.707;0.0
1.858;-12.707;0.0
1.858;-12.518;0.0
1.858;-12.328;0.0
2.048;-12.328;0.0
2.238;-12.328;0.0
2.238;-11.948;0.0
2.238;-11.569;0.0
2.406;-11.569;0.0
2.575;-11.569;0.0
2.575;-11.021;0.0
2.575;-10.473;0.0
1.268;-10.473;0.0
-0.039;-10.473;0.0
-0.039;-11.021;0.0
-0.039;-11.569;0.0
-0.208;-11.569;0.0
-0.376;-11.569;0.0
-0.376;-11.211;0.0
-0.376;-10.852;0.0
-0.756;-10.852;0.0
-1.135;-10.852;0.0
-1.135;-11.211;0.0
-1.135;-11.569;0.0
-1.325;-11.569;0.0
-1.515;-11.569;0.0
-1.515;-11.379;0.0
-1.515;-11.19;0.0
-1.894;-11.19;0.0
-2.274;-11.19;0.0
-2.274;-11.379;0.0
-2.274;-11.569;0.0
-2.632;-11.569;0.0
-2.99;-11.569;0.0
-2.99;-11.759;0.0
-2.99;-11.948;0.0
-3.18;-11.948;0.0
-3.37;-11.948;0.0
-3.37;-12.328;0.0
-3.37;-12.707;0.0
-3.18;-12.707;0.0
-2.99;-12.707;0.0
-2.99;-12.897;0.0
-2.99;-13.087;0.0
-2.801;-13.087;0.0
-2.611;-13.087;0.0
-2.611;-13.277;0.0
-2.611;-13.466;0.0
-2.801;-13.466;0.0
-2.99;-13.466;0.0
-2.99;-13.635;0.0
-2.99;-13.804;0.0
-2.632;-13.804;0.0
-2.274;-13.804;0.0
-2.274;-13.993;0.0
-2.274;-14.183;0.0
-2.442;-14.183;0.0
-2.611;-14.183;0.0
-2.611;-14.373;0.0
-2.611;-14.562;0.0
-2.442;-14.562;0.0
-2.274;-14.562;0.0
-2.274;-14.752;0.0
-2.274;-14.942;0.0
-1.894;-14.942;0.0
-2.99;-15.321;0.0
-2.611;-15.321;0.0
-2.611;-15.132;0.0
-2.611;-14.942;0.0
-2.99;-14.942;0.0
-3.37;-14.942;0.0
-3.37;-15.132;0.0
-3.37;-15.321;0.0
-2.99;-15.321;0.0
1.668;-22.784;0.0
1.858;-22.784;0.0
1.858;-22.594;0.0
1.858;-22.404;0.0
1.668;-22.404;0.0
1.479;-22.404;0.0
1.479;-22.594;0.0
1.479;-22.784;0.0
1.668;-22.784;0.0
5.4;-37.709;0.0
6.327;-37.709;0.0
6.327;-37.519;0.0
6.327;-37.329;0.0
7.065;-37.329;0.0
7.803;-37.329;0.0
7.803;-36.95;0.0
7.803;-36.571;0.0
6.496;-36.571;0.0
5.189;-36.571;0.0
5.189;-36.76;0.0
5.189;-36.95;0.0
4.83;-36.95;0.0
4.472;-36.95;0.0
4.472;-37.329;0.0
4.472;-37.709;0.0
5.4;-37.709;0.0
6.137;-41.04;0.0
5.948;-41.04;0.0
5.948;-40.871;0.0
5.948;-40.702;0.0
6.137;-40.702;0.0
6.327;-40.702;0.0
6.327;-40.871;0.0
6.327;-41.04;0.0
6.137;-41.04;0.0
11.745;-41.04;0.0
11.555;-41.04;0.0
11.555;-40.871;0.0
11.555;-40.702;0.0
11.745;-40.702;0.0
11.935;-40.702;0.0
11.935;-40.871;0.0
11.935;-41.04;0.0
11.745;-41.04;0.0
12.462;-61.572;0.0
12.272;-61.572;0.0
12.272;-60.644;0.0
12.272;-59.717;0.0
12.462;-59.717;0.0
12.651;-59.717;0.0
12.651;-60.644;0.0
12.651;-61.572;0.0
12.462;-61.572;0.0
10.037;-65.662;0.0
9.658;-65.662;0.0
9.658;-64.924;0.0
9.658;-64.186;0.0
9.489;-64.186;0.0
9.321;-64.186;0.0
9.321;-63.258;0.0
9.321;-62.331;0.0
9.489;-62.331;0.0
9.658;-62.331;0.0
9.658;-62.141;0.0
9.658;-61.951;0.0
9.848;-61.951;0.0
10.037;-61.951;0.0
10.037;-61.572;0.0
10.037;-61.193;0.0
10.227;-61.193;0.0
10.417;-61.193;0.0
10.417;-61.382;0.0
10.417;-61.572;0.0
10.607;-61.572;0.0
10.796;-61.572;0.0
10.796;-62.331;0.0
10.796;-63.09;0.0
10.607;-63.09;0.0
10.417;-63.09;0.0
10.417;-64.376;0.0
10.417;-65.662;0.0
10.037;-65.662;0.0
9.489;-66.421;0.0
9.321;-66.421;0.0
9.321;-66.231;0.0
9.321;-66.041;0.0
9.489;-66.041;0.0
9.658;-66.041;0.0
9.658;-66.231;0.0
9.658;-66.421;0.0
9.489;-66.421;0.0
28.504;-25.777;0.0
29.052;-25.777;0.0
29.052;-25.588;0.0
29.052;-25.398;0.0
28.883;-25.398;0.0
28.715;-25.398;0.0
28.715;-25.208;0.0
28.715;-25.018;0.0
28.335;-25.018;0.0
27.956;-25.018;0.0
27.956;-24.829;0.0
27.956;-24.639;0.0
27.766;-24.639;0.0
27.576;-24.639;0.0
27.576;-24.829;0.0
27.576;-25.018;0.0
27.197;-25.018;0.0
26.817;-25.018;0.0
26.817;-25.208;0.0
26.817;-25.398;0.0
27.387;-25.398;0.0
27.956;-25.398;0.0
27.956;-25.588;0.0
27.956;-25.777;0.0
28.504;-25.777;0.0
-26.305;-27.632;0.0
-27.233;-27.632;0.0
-27.233;-27.443;0.0
-27.233;-27.253;0.0
-27.992;-27.253;0.0
-28.751;-27.253;0.0
-28.751;-26.873;0.0
-28.751;-26.494;0.0
-28.561;-26.494;0.0
-28.371;-26.494;0.0
-28.371;-26.304;0.0
-28.371;-26.115;0.0
-27.992;-26.115;0.0
-27.612;-26.115;0.0
-27.612;-25.946;0.0
-27.612;-25.777;0.0
-26.495;-25.777;0.0
-25.378;-25.777;0.0
-25.378;-25.588;0.0
-25.378;-25.398;0.0
-24.998;-25.398;0.0
-24.619;-25.398;0.0
-24.619;-25.208;0.0
-24.619;-25.018;0.0
-24.261;-25.018;0.0
-23.902;-25.018;0.0
-23.902;-24.829;0.0
-23.902;-24.639;0.0
-23.713;-24.639;0.0
-23.523;-24.639;0.0
-23.523;-24.829;0.0
-23.523;-25.018;0.0
-23.713;-25.018;0.0
-23.902;-25.018;0.0
-23.902;-25.208;0.0
-23.902;-25.398;0.0
-24.092;-25.398;0.0
-24.282;-25.398;0.0
-24.282;-25.756;0.0
-24.282;-26.115;0.0
-24.45;-26.115;0.0
-24.619;-26.115;0.0
-24.619;-26.304;0.0
-24.619;-26.494;0.0
-24.809;-26.494;0.0
-24.998;-26.494;0.0
-24.998;-26.873;0.0
-24.998;-27.253;0.0
-25.188;-27.253;0.0
-25.378;-27.253;0.0
-25.378;-27.443;0.0
-25.378;-27.632;0.0
