-20.0;-19.764;0.0
-19.764;-20.0;0.0
-19.529;-20.0;0.0
-20.0;-19.529;0.0
-20.0;-19.293;0.0
-19.293;-20.0;0.0
-19.057;-20.0;0.0
-20.0;-19.057;0.0
-20.0;-18.821;0.0
-18.821;-20.0;0.0
-18.586;-20.0;0.0
-20.0;-18.586;0.0
-20.0;-18.35;0.0
-18.35;-20.0;0.0
-18.114;-20.0;0.0
-20.0;-18.114;0.0
-20.0;-17.879;0.0
-17.879;-20.0;0.0
-17.643;-20.0;0.0
-20.0;-17.643;0.0
-20.0;-17.407;0.0
-17.407;-20.0;0.0
-17.172;-20.0;0.0
-20.0;-17.172;0.0
-20.0;-16.936;0.0
-16.936;-20.0;0.0
-16.7;-20.0;0.0
-20.0;-16.7;0.0
-20.0;-16.464;0.0
-16.464;-20.0;0.0
-16.229;-20.0;0.0
-18.163;-18.065;0.0
-18.165;-18.064;0.0
-20.0;-16.229;0.0
-20.0;-15.993;0.0
-18.165;-17.828;0.0
-18.165;-17.593;0.0
-20.0;-15.757;0.0
-20.0;-15.522;0.0
-18.165;-17.357;0.0
-18.165;-17.121;0.0
-20.0;-15.286;0.0
-20.0;-15.05;0.0
-18.165;-16.886;0.0
-18.165;-16.65;0.0
-20.0;-14.815;0.0
-20.0;-14.579;0.0
-18.165;-16.414;0.0
-18.165;-16.179;0.0
-20.0;-14.343;0.0
-20.0;-14.107;0.0
-18.165;-15.943;0.0
-18.165;-15.707;0.0
-20.0;-13.872;0.0
-20.0;-13.636;0.0
-18.165;-15.471;0.0
-18.165;-15.236;0.0
-20.0;-13.4;0.0
-20.0;-13.165;0.0
-18.165;-15.0;0.0
-18.165;-14.764;0.0
-20.0;-12.929;0.0
-20.0;-12.693;0.0
-18.165;-14.529;0.0
-18.165;-14.293;0.0
-20.0;-12.458;0.0
-20.0;-12.222;0.0
-18.165;-14.057;0.0
-18.165;-13.822;0.0
-20.0;-11.986;0.0
-20.0;-11.75;0.0
-18.165;-13.586;0.0
-18.165;-13.35;0.0
-20.0;-11.515;0.0
-20.0;-11.279;0.0
-18.165;-13.114;0.0
-18.165;-12.879;0.0
-20.0;-11.043;0.0
-20.0;-10.808;0.0
-18.165;-12.643;0.0
-18.165;-12.407;0.0
-20.0;-10.572;0.0
-20.0;-10.336;0.0
-18.165;-12.172;0.0
-18.165;-11.936;0.0
-20.0;-10.101;0.0
-20.0;-9.865;0.0
-18.165;-11.7;0.0
-18.165;-11.464;0.0
-20.0;-9.629;0.0
-20.0;-9.393;0.0
-18.165;-11.229;0.0
-18.165;-10.993;0.0
-20.0;-9.158;0.0
-20.0;-8.922;0.0
-18.165;-10.757;0.0
-18.165;-10.522;0.0
-20.0;-8.686;0.0
-20.0;-8.451;0.0
-18.165;-10.286;0.0
-18.165;-10.05;0.0
-20.0;-8.215;0.0
-20.0;-7.979;0.0
-18.165;-9.815;0.0
-18.165;-9.579;0.0
-20.0;-7.743;0.0
-20.0;-7.508;0.0
-18.165;-9.343;0.0
-18.165;-9.107;0.0
-20.0;-7.272;0.0
-20.0;-7.036;0.0
-18.165;-8.872;0.0
-18.165;-8.636;0.0
-20.0;-6.801;0.0
-20.0;-6.565;0.0
-18.165;-8.4;0.0
-18.165;-8.165;0.0
-20.0;-6.329;0.0
-20.0;-6.094;0.0
-18.165;-7.929;0.0
-18.165;-7.693;0.0
-20.0;-5.858;0.0
-20.0;-5.622;0.0
-18.165;-7.458;0.0
-18.165;-7.222;0.0
-20.0;-5.386;0.0
-20.0;-5.151;0.0
-18.165;-6.986;0.0
-18.165;-6.75;0.0
-20.0;-4.915;0.0
-20.0;-4.679;0.0
-18.165;-6.515;0.0
-18.165;-6.279;0.0
-20.0;-4.444;0.0
-20.0;-4.208;0.0
-18.165;-6.043;0.0
-18.165;-5.808;0.0
-20.0;-3.972;0.0
-20.0;-3.737;0.0
-18.165;-5.572;0.0
-18.165;-5.336;0.0
-20.0;-3.501;0.0
-20.0;-3.265;0.0
-18.165;-5.101;0.0
-18.165;-4.865;0.0
-20.0;-3.029;0.0
-20.0;-2.794;0.0
-18.165;-4.629;0.0
-18.165;-4.393;0.0
-20.0;-2.558;0.0
-20.0;-2.322;0.0
-18.165;-4.158;0.0
-18.165;-3.922;0.0
-20.0;-2.087;0.0
-20.0;-1.851;0.0
-18.165;-3.686;0.0
-18.165;-3.451;0.0
-20.0;-1.615;0.0
-20.0;-1.38;0.0
-18.165;-3.215;0.0
-18.165;-2.979;0.0
-20.0;-1.144;0.0
-20.0;-0.908;0.0
-18.165;-2.743;0.0
-18.165;-2.508;0.0
-20.0;-0.672;0.0
-20.0;-0.437;0.0
-18.165;-2.272;0.0
-18.165;-2.036;0.0
-20.0;-0.201;0.0
-20.0;0.035;0.0
-18.165;-1.801;0.0
-18.165;-1.565;0.0
-20.0;0.27;0.0
-20.0;0.506;0.0
-18.165;-1.329;0.0
-18.165;-1.094;0.0
-20.0;0.742;0.0
-20.0;0.977;0.0
-18.165;-0.858;0.0
-18.165;-0.622;0.0
-20.0;1.213;0.0
-20.0;1.449;0.0
-18.165;-0.386;0.0
-18.165;-0.151;0.0
-20.0;1.685;0.0
-20.0;1.92;0.0
-18.165;0.085;0.0
-18.165;0.321;0.0
-20.0;2.156;0.0
-20.0;2.392;0.0
-18.165;0.556;0.0
-18.165;0.792;0.0
-20.0;2.627;0.0
-20.0;2.863;0.0
-18.165;1.028;0.0
-18.165;1.263;0.0
-20.0;3.099;0.0
-20.0;3.335;0.0
-18.165;1.499;0.0
-18.165;1.735;0.0
-20.0;3.57;0.0
-20.0;3.806;0.0
-18.165;1.971;0.0
-18.165;2.206;0.0
-20.0;4.042;0.0
-20.0;4.277;0.0
-18.165;2.442;0.0
-18.165;2.678;0.0
-20.0;4.513;0.0
-20.0;4.749;0.0
-18.165;2.913;0.0
-18.165;3.149;0.0
-20.0;4.984;0.0
-20.0;5.22;0.0
-18.165;3.385;0.0
-18.165;3.62;0.0
-20.0;5.456;0.0
-20.0;5.692;0.0
-18.165;3.856;0.0
-18.165;4.092;0.0
-20.0;5.927;0.0
-20.0;6.163;0.0
-18.165;4.328;0.0
-18.165;4.563;0.0
-20.0;6.399;0.0
-20.0;6.634;0.0
-18.165;4.799;0.0
-18.165;5.035;0.0
-20.0;6.87;0.0
-20.0;7.106;0.0
-18.165;5.27;0.0
-18.165;5.506;0.0
-20.0;7.341;0.0
-20.0;7.577;0.0
-18.165;5.742;0.0
-18.165;5.978;0.0
-20.0;7.813;0.0
-20.0;8.049;0.0
-18.165;6.213;0.0
-18.165;6.449;0.0
-20.0;8.284;0.0
-20.0;8.52;0.0
-18.165;6.685;0.0
-18.165;6.92;0.0
-20.0;8.756;0.0
-20.0;8.991;0.0
-18.165;7.156;0.0
-18.165;7.392;0.0
-20.0;9.227;0.0
-20.0;9.463;0.0
-18.165;7.627;0.0
-18.165;7.863;0.0
-20.0;9.698;0.0
-20.0;9.934;0.0
-18.165;8.099;0.0
-18.165;8.335;0.0
-20.0;10.17;0.0
-20.0;10.406;0.0
-18.165;8.57;0.0
-18.165;8.806;0.0
-20.0;10.641;0.0
-20.0;10.877;0.0
-18.165;9.042;0.0
-18.165;9.277;0.0
-20.0;11.113;0.0
-20.0;11.348;0.0
-18.165;9.513;0.0
-18.165;9.749;0.0
-20.0;11.584;0.0
-20.0;11.82;0.0
-18.165;9.984;0.0
-18.165;10.22;0.0
-20.0;12.056;0.0
-20.0;12.291;0.0
-18.165;10.456;0.0
-18.165;10.692;0.0
-20.0;12.527;0.0
-20.0;12.763;0.0
-18.165;10.927;0.0
-18.165;11.163;0.0
-20.0;12.998;0.0
-20.0;13.234;0.0
-18.165;11.399;0.0
-18.165;11.634;0.0
-20.0;13.47;0.0
-20.0;13.705;0.0
-18.165;11.87;0.0
-18.165;12.106;0.0
-20.0;13.941;0.0
-20.0;14.177;0.0
-18.165;12.341;0.0
-18.165;12.577;0.0
-20.0;14.413;0.0
-20.0;14.648;0.0
-18.165;12.813;0.0
-18.165;13.049;0.0
-20.0;14.884;0.0
-20.0;15.12;0.0
-18.165;13.284;0.0
-18.165;13.52;0.0
-20.0;15.355;0.0
-20.0;15.591;0.0
-18.165;13.756;0.0
-18.165;13.991;0.0
-20.0;15.827;0.0
-20.0;16.062;0.0
-18.165;14.227;0.0
-18.165;14.463;0.0
-20.0;16.298;0.0
-20.0;16.534;0.0
-18.165;14.698;0.0
-18.165;14.934;0.0
-20.0;16.77;0.0
-20.0;17.005;0.0
-18.165;15.17;0.0
-18.165;15.406;0.0
-20.0;17.241;0.0
-20.0;17.477;0.0
-18.165;15.641;0.0
-18.165;15.877;0.0
-20.0;17.712;0.0
-20.0;17.948;0.0
-18.165;16.113;0.0
-18.165;16.348;0.0
-20.0;18.184;0.0
-20.0;18.419;0.0
-18.165;16.584;0.0
-18.165;16.82;0.0
-20.0;18.655;0.0
-20.0;18.891;0.0
-18.165;17.055;0.0
-18.165;17.291;0.0
-20.0;19.127;0.0
-20.0;19.362;0.0
-18.165;17.527;0.0
-18.165;17.763;0.0
-20.0;19.598;0.0
-20.0;19.834;0.0
-18.165;17.998;0.0
-18.165;18.234;0.0
-19.912;19.981;0.0
-19.676;19.981;0.0
-18.039;18.344;0.0
-17.803;18.344;0.0
-19.44;19.981;0.0
-19.205;19.981;0.0
-17.568;18.344;0.0
-17.332;18.344;0.0
-18.969;19.981;0.0
-18.733;19.981;0.0
-17.096;18.344;0.0
-16.861;18.344;0.0
-18.498;19.981;0.0
-18.262;19.981;0.0
-16.625;18.344;0.0
-16.389;18.344;0.0
-18.026;19.981;0.0
-17.79;19.981;0.0
-16.153;18.344;0.0
-15.918;18.344;0.0
-17.555;19.981;0.0
-17.319;19.981;0.0
-15.682;18.344;0.0
-15.446;18.344;0.0
-17.083;19.981;0.0
-16.848;19.981;0.0
-15.211;18.344;0.0
-14.975;18.344;0.0
-16.612;19.981;0.0
-16.376;19.981;0.0
-14.739;18.344;0.0
-14.504;18.344;0.0
-16.141;19.981;0.0
-15.905;19.981;0.0
-14.268;18.344;0.0
-14.032;18.344;0.0
-15.669;19.981;0.0
-15.433;19.981;0.0
-13.796;18.344;0.0
-13.561;18.344;0.0
-15.198;19.981;0.0
-14.962;19.981;0.0
-13.325;18.344;0.0
-13.089;18.344;0.0
-14.726;19.981;0.0
-14.491;19.981;0.0
-12.854;18.344;0.0
-12.618;18.344;0.0
-14.255;19.981;0.0
-14.019;19.981;0.0
-12.382;18.344;0.0
-12.147;18.344;0.0
-13.783;19.981;0.0
-13.548;19.981;0.0
-11.911;18.344;0.0
-11.675;18.344;0.0
-13.312;19.981;0.0
-13.076;19.981;0.0
-11.439;18.344;0.0
-11.204;18.344;0.0
-12.841;19.981;0.0
-12.605;19.981;0.0
-10.968;18.344;0.0
-10.732;18.344;0.0
-12.369;19.981;0.0
-12.134;19.981;0.0
-10.497;18.344;0.0
-10.261;18.344;0.0
-11.898;19.981;0.0
-11.662;19.981;0.0
-10.025;18.344;0.0
-9.79;18.344;0.0
-11.426;19.981;0.0
-11.191;19.981;0.0
-9.554;18.344;0.0
-9.318;18.344;0.0
-10.955;19.981;0.0
-10.719;19.981;0.0
-9.082;18.344;0.0
-8.847;18.344;0.0
-10.484;19.981;0.0
-10.248;19.981;0.0
-8.611;18.344;0.0
-8.375;18.344;0.0
-10.012;19.981;0.0
-9.777;19.981;0.0
-8.14;18.344;0.0
-7.904;18.344;0.0
-9.541;19.981;0.0
-9.305;19.981;0.0
-7.668;18.344;0.0
-7.432;18.344;0.0
-9.069;19.981;0.0
-8.834;19.981;0.0
-7.197;18.344;0.0
-6.961;18.344;0.0
-8.598;19.981;0.0
-8.362;19.981;0.0
-6.725;18.344;0.0
-6.49;18.344;0.0
-8.127;19.981;0.0
-7.891;19.981;0.0
-6.254;18.344;0.0
-6.018;18.344;0.0
-7.655;19.981;0.0
-7.42;19.981;0.0
-5.783;18.344;0.0
-5.547;18.344;0.0
-7.184;19.981;0.0
-6.948;19.981;0.0
-5.311;18.344;0.0
-5.075;18.344;0.0
-6.712;19.981;0.0
-6.477;19.981;0.0
-4.84;18.344;0.0
-4.604;18.344;0.0
-6.241;19.981;0.0
-6.005;19.981;0.0
-4.368;18.344;0.0
-4.133;18.344;0.0
-5.77;19.981;0.0
-5.534;19.981;0.0
-3.897;18.344;0.0
-3.661;18.344;0.0
-5.298;19.981;0.0
-5.062;19.981;0.0
-3.426;18.344;0.0
-3.19;18.344;0.0
-4.827;19.981;0.0
-4.591;19.981;0.0
-2.954;18.344;0.0
-2.718;18.344;0.0
-4.355;19.981;0.0
-4.12;19.981;0.0
-2.483;18.344;0.0
-2.247;18.344;0.0
-3.884;19.981;0.0
-3.648;19.981;0.0
-2.011;18.344;0.0
-1.776;18.344;0.0
-3.413;19.981;0.0
-3.177;19.981;0.0
-1.54;18.344;0.0
-1.304;18.344;0.0
-2.941;19.981;0.0
-2.705;19.981;0.0
-1.069;18.344;0.0
-0.833;18.344;0.0
-2.47;19.981;0.0
-2.234;19.981;0.0
-0.597;18.344;0.0
-0.361;18.344;0.0
-1.998;19.981;0.0
-1.763;19.981;0.0
-0.126;18.344;0.0
0.11;18.344;0.0
-1.527;19.981;0.0
-1.291;19.981;0.0
0.346;18.344;0.0
0.581;18.344;0.0
-1.056;19.981;0.0
-0.82;19.981;0.0
0.817;18.344;0.0
1.053;18.344;0.0
-0.584;19.981;0.0
-0.348;19.981;0.0
1.289;18.344;0.0
1.524;18.344;0.0
-0.113;19.981;0.0
0.123;19.981;0.0
1.76;18.344;0.0
1.996;18.344;0.0
0.359;19.981;0.0
0.594;19.981;0.0
2.231;18.344;0.0
2.467;18.344;0.0
0.83;19.981;0.0
1.066;19.981;0.0
2.703;18.344;0.0
2.938;18.344;0.0
1.301;19.981;0.0
1.537;19.981;0.0
3.174;18.344;0.0
3.41;18.344;0.0
1.773;19.981;0.0
2.009;19.981;0.0
3.646;18.344;0.0
3.881;18.344;0.0
2.244;19.981;0.0
2.48;19.981;0.0
4.117;18.344;0.0
4.353;18.344;0.0
2.716;19.981;0.0
2.951;19.981;0.0
4.588;18.344;0.0
4.824;18.344;0.0
3.187;19.981;0.0
3.423;19.981;0.0
5.06;18.344;0.0
5.295;18.344;0.0
3.658;19.981;0.0
3.894;19.981;0.0
5.531;18.344;0.0
5.767;18.344;0.0
4.13;19.981;0.0
4.366;19.981;0.0
6.003;18.344;0.0
6.238;18.344;0.0
4.601;19.981;0.0
4.837;19.981;0.0
6.474;18.344;0.0
6.71;18.344;0.0
5.073;19.981;0.0
5.308;19.981;0.0
6.945;18.344;0.0
7.181;18.344;0.0
5.544;19.981;0.0
5.78;19.981;0.0
7.417;18.344;0.0
7.652;18.344;0.0
6.016;19.981;0.0
6.251;19.981;0.0
7.888;18.344;0.0
8.124;18.344;0.0
6.487;19.981;0.0
6.723;19.981;0.0
8.36;18.344;0.0
8.595;18.344;0.0
6.958;19.981;0.0
7.194;19.981;0.0
8.831;18.344;0.0
9.067;18.344;0.0
7.43;19.981;0.0
7.665;19.981;0.0
9.302;18.344;0.0
9.538;18.344;0.0
7.901;19.981;0.0
8.137;19.981;0.0
9.774;18.344;0.0
10.009;18.344;0.0
8.373;19.981;0.0
8.608;19.981;0.0
10.245;18.344;0.0
10.481;18.344;0.0
8.844;19.981;0.0
9.08;19.981;0.0
10.717;18.344;0.0
10.952;18.344;0.0
9.315;19.981;0.0
9.551;19.981;0.0
11.188;18.344;0.0
11.424;18.344;0.0
9.787;19.981;0.0
10.022;19.981;0.0
11.659;18.344;0.0
11.895;18.344;0.0
10.258;19.981;0.0
10.494;19.981;0.0
12.131;18.344;0.0
12.366;18.344;0.0
10.73;19.981;0.0
10.965;19.981;0.0
12.602;18.344;0.0
12.838;18.344;0.0
11.201;19.981;0.0
11.437;19.981;0.0
13.074;18.344;0.0
13.309;18.344;0.0
11.672;19.981;0.0
11.908;19.981;0.0
13.545;18.344;0.0
13.781;18.344;0.0
12.144;19.981;0.0
12.379;19.981;0.0
14.016;18.344;0.0
14.252;18.344;0.0
12.615;19.981;0.0
12.851;19.981;0.0
14.488;18.344;0.0
14.724;18.344;0.0
13.087;19.981;0.0
13.322;19.981;0.0
14.959;18.344;0.0
15.195;18.344;0.0
13.558;19.981;0.0
13.794;19.981;0.0
15.431;18.344;0.0
15.666;18.344;0.0
14.029;19.981;0.0
14.265;19.981;0.0
15.902;18.344;0.0
16.138;18.344;0.0
14.501;19.981;0.0
14.736;19.981;0.0
16.373;18.344;0.0
16.609;18.344;0.0
14.972;19.981;0.0
15.208;19.981;0.0
16.845;18.344;0.0
17.081;18.344;0.0
15.444;19.981;0.0
15.679;19.981;0.0
17.316;18.344;0.0
17.552;18.344;0.0
15.915;19.981;0.0
16.151;19.981;0.0
17.788;18.344;0.0
18.023;18.344;0.0
16.386;19.981;0.0
16.622;19.981;0.0
18.259;18.344;0.0
18.344;18.259;0.0
19.981;16.622;0.0
19.981;16.386;0.0
18.344;18.023;0.0
18.344;17.788;0.0
19.981;16.151;0.0
19.981;15.915;0.0
18.344;17.552;0.0
18.344;17.316;0.0
19.981;15.679;0.0
19.981;15.444;0.0
18.344;17.081;0.0
18.344;16.845;0.0
19.981;15.208;0.0
19.981;14.972;0.0
18.344;16.609;0.0
18.344;16.373;0.0
19.981;14.736;0.0
19.981;14.501;0.0
18.344;16.138;0.0
18.344;15.902;0.0
19.981;14.265;0.0
19.981;14.029;0.0
18.344;15.666;0.0
18.344;15.431;0.0
19.981;13.794;0.0
19.981;13.558;0.0
18.344;15.195;0.0
18.344;14.959;0.0
19.981;13.322;0.0
19.981;13.087;0.0
18.344;14.724;0.0
18.344;14.488;0.0
19.981;12.851;0.0
19.981;12.615;0.0
18.344;14.252;0.0
18.344;14.016;0.0
19.981;12.379;0.0
19.981;12.144;0.0
18.344;13.781;0.0
18.344;13.545;0.0
19.981;11.908;0.0
19.981;11.672;0.0
18.344;13.309;0.0
18.344;13.074;0.0
19.981;11.437;0.0
19.981;11.201;0.0
18.344;12.838;0.0
18.344;12.602;0.0
19.981;10.965;0.0
19.981;10.73;0.0
18.344;12.366;0.0
18.344;12.131;0.0
19.981;10.494;0.0
19.981;10.258;0.0
18.344;11.895;0.0
18.344;11.659;0.0
19.981;10.022;0.0
19.981;9.787;0.0
18.344;11.424;0.0
18.344;11.188;0.0
19.981;9.551;0.0
19.981;9.315;0.0
18.344;10.952;0.0
18.344;10.717;0.0
19.981;9.08;0.0
19.981;8.844;0.0
18.344;10.481;0.0
18.344;10.245;0.0
19.981;8.608;0.0
19.981;8.373;0.0
18.344;10.009;0.0
18.344;9.774;0.0
19.981;8.137;0.0
19.981;7.901;0.0
18.344;9.538;0.0
18.344;9.302;0.0
19.981;7.665;0.0
19.981;7.43;0.0
18.344;9.067;0.0
18.344;8.831;0.0
19.981;7.194;0.0
19.981;6.958;0.0
18.344;8.595;0.0
18.344;8.36;0.0
19.981;6.723;0.0
19.981;6.487;0.0
18.344;8.124;0.0
18.344;7.888;0.0
19.981;6.251;0.0
19.981;6.016;0.0
18.344;7.652;0.0
18.344;7.417;0.0
19.981;5.78;0.0
19.981;5.544;0.0
18.344;7.181;0.0
18.344;6.945;0.0
19.981;5.308;0.0
19.981;5.073;0.0
18.344;6.71;0.0
18.344;6.474;0.0
19.981;4.837;0.0
19.981;4.601;0.0
18.344;6.238;0.0
18.344;6.003;0.0
19.981;4.366;0.0
19.981;4.13;0.0
18.344;5.767;0.0
18.344;5.531;0.0
19.981;3.894;0.0
19.981;3.658;0.0
18.344;5.295;0.0
18.344;5.06;0.0
19.981;3.423;0.0
19.981;3.187;0.0
18.344;4.824;0.0
18.344;4.588;0.0
19.981;2.951;0.0
19.981;2.716;0.0
18.344;4.353;0.0
18.344;4.117;0.0
19.981;2.48;0.0
19.981;2.244;0.0
18.344;3.881;0.0
18.344;3.646;0.0
19.981;2.009;0.0
19.981;1.773;0.0
18.344;3.41;0.0
18.344;3.174;0.0
19.981;1.537;0.0
19.981;1.301;0.0
18.344;2.938;0.0
18.344;2.703;0.0
19.981;1.066;0.0
19.981;0.83;0.0
18.344;2.467;0.0
18.344;2.231;0.0
19.981;0.594;0.0
19.981;0.359;0.0
18.344;1.996;0.0
18.344;1.76;0.0
19.981;0.123;0.0
19.981;-0.113;0.0
18.344;1.524;0.0
18.344;1.289;0.0
19.981;-0.348;0.0
19.981;-0.584;0.0
18.344;1.053;0.0
18.344;0.817;0.0
19.981;-0.82;0.0
19.981;-1.056;0.0
18.344;0.581;0.0
18.344;0.346;0.0
19.981;-1.291;0.0
19.981;-1.527;0.0
18.344;0.11;0.0
18.344;-0.126;0.0
19.981;-1.763;0.0
19.981;-1.998;0.0
18.344;-0.361;0.0
18.344;-0.597;0.0
19.981;-2.234;0.0
19.981;-2.47;0.0
18.344;-0.833;0.0
18.344;-1.069;0.0
19.981;-2.705;0.0
19.981;-2.941;0.0
18.344;-1.304;0.0
18.344;-1.54;0.0
19.981;-3.177;0.0
19.981;-3.413;0.0
18.344;-1.776;0.0
18.344;-2.011;0.0
19.981;-3.648;0.0
19.981;-3.884;0.0
18.344;-2.247;0.0
18.344;-2.483;0.0
19.981;-4.12;0.0
19.981;-4.355;0.0
18.344;-2.718;0.0
18.344;-2.954;0.0
19.981;-4.591;0.0
19.981;-4.827;0.0
18.344;-3.19;0.0
18.344;-3.426;0.0
19.981;-5.062;0.0
19.981;-5.298;0.0
18.344;-3.661;0.0
18.344;-3.897;0.0
19.981;-5.534;0.0
19.981;-5.77;0.0
18.344;-4.133;0.0
18.344;-4.368;0.0
19.981;-6.005;0.0
19.981;-6.241;0.0
18.344;-4.604;0.0
18.344;-4.84;0.0
19.981;-6.477;0.0
19.981;-6.712;0.0
18.344;-5.075;0.0
18.344;-5.311;0.0
19.981;-6.948;0.0
19.981;-7.184;0.0
18.344;-5.547;0.0
18.344;-5.783;0.0
19.981;-7.42;0.0
19.981;-7.655;0.0
18.344;-6.018;0.0
18.344;-6.254;0.0
19.981;-7.891;0.0
19.981;-8.127;0.0
18.344;-6.49;0.0
18.344;-6.725;0.0
19.981;-8.362;0.0
19.981;-8.598;0.0
18.344;-6.961;0.0
18.344;-7.197;0.0
19.981;-8.834;0.0
19.981;-9.069;0.0
18.344;-7.432;0.0
18.344;-7.668;0.0
19.981;-9.305;0.0
19.981;-9.541;0.0
18.344;-7.904;0.0
18.344;-8.14;0.0
19.981;-9.777;0.0
19.981;-10.012;0.0
18.344;-8.375;0.0
18.344;-8.611;0.0
19.981;-10.248;0.0
19.981;-10.484;0.0
18.344;-8.847;0.0
18.344;-9.082;0.0
19.981;-10.719;0.0
19.981;-10.955;0.0
18.344;-9.318;0.0
18.344;-9.554;0.0
19.981;-11.191;0.0
19.981;-11.426;0.0
18.344;-9.79;0.0
18.344;-10.025;0.0
19.981;-11.662;0.0
19.981;-11.898;0.0
18.344;-10.261;0.0
18.344;-10.497;0.0
19.981;-12.134;0.0
19.981;-12.369;0.0
18.344;-10.732;0.0
18.344;-10.968;0.0
19.981;-12.605;0.0
19.981;-12.841;0.0
18.344;-11.204;0.0
18.344;-11.439;0.0
19.981;-13.076;0.0
19.981;-13.312;0.0
18.344;-11.675;0.0
18.344;-11.911;0.0
19.981;-13.548;0.0
19.981;-13.783;0.0
18.344;-12.147;0.0
18.344;-12.382;0.0
19.981;-14.019;0.0
19.981;-14.255;0.0
18.344;-12.618;0.0
18.344;-12.854;0.0
19.981;-14.491;0.0
19.981;-14.726;0.0
18.344;-13.089;0.0
18.344;-13.325;0.0
19.981;-14.962;0.0
19.981;-15.198;0.0
18.344;-13.561;0.0
18.344;-13.796;0.0
19.981;-15.433;0.0
19.981;-15.669;0.0
18.344;-14.032;0.0
18.344;-14.268;0.0
19.981;-15.905;0.0
19.981;-16.141;0.0
18.344;-14.504;0.0
18.344;-14.739;0.0
19.981;-16.376;0.0
19.981;-16.612;0.0
18.344;-14.975;0.0
18.344;-15.211;0.0
19.981;-16.848;0.0
19.981;-17.083;0.0
18.344;-15.446;0.0
18.344;-15.682;0.0
19.981;-17.319;0.0
19.981;-17.555;0.0
18.344;-15.918;0.0
18.344;-16.153;0.0
19.981;-17.79;0.0
19.981;-18.026;0.0
18.344;-16.389;0.0
18.344;-16.625;0.0
19.981;-18.262;0.0
19.981;-18.498;0.0
18.344;-16.861;0.0
18.344;-17.096;0.0
19.981;-18.733;0.0
19.981;-18.969;0.0
18.344;-17.332;0.0
18.344;-17.568;0.0
19.981;-19.205;0.0
19.981;-19.44;0.0
18.344;-17.803;0.0
18.344;-18.039;0.0
19.981;-19.676;0.0
19.981;-19.912;0.0
18.135;-18.065;0.0
17.899;-18.065;0.0
19.834;-20.0;0.0
19.598;-20.0;0.0
17.663;-18.065;0.0
17.428;-18.065;0.0
19.362;-20.0;0.0
19.127;-20.0;0.0
17.192;-18.065;0.0
16.956;-18.065;0.0
18.891;-20.0;0.0
18.655;-20.0;0.0
16.721;-18.065;0.0
16.485;-18.065;0.0
18.419;-20.0;0.0
18.184;-20.0;0.0
16.249;-18.065;0.0
16.013;-18.065;0.0
17.948;-20.0;0.0
17.712;-20.0;0.0
15.778;-18.065;0.0
15.542;-18.065;0.0
17.477;-20.0;0.0
17.241;-20.0;0.0
15.306;-18.065;0.0
15.071;-18.065;0.0
17.005;-20.0;0.0
16.77;-20.0;0.0
14.835;-18.065;0.0
14.599;-18.065;0.0
16.534;-20.0;0.0
16.298;-20.0;0.0
14.364;-18.065;0.0
14.128;-18.065;0.0
16.062;-20.0;0.0
15.827;-20.0;0.0
13.892;-18.065;0.0
13.656;-18.065;0.0
15.591;-20.0;0.0
15.355;-20.0;0.0
13.421;-18.065;0.0
13.185;-18.065;0.0
15.12;-20.0;0.0
14.884;-20.0;0.0
12.949;-18.065;0.0
12.714;-18.065;0.0
14.648;-20.0;0.0
14.413;-20.0;0.0
12.478;-18.065;0.0
12.242;-18.065;0.0
14.177;-20.0;0.0
13.941;-20.0;0.0
12.007;-18.065;0.0
11.771;-18.065;0.0
13.705;-20.0;0.0
13.47;-20.0;0.0
11.535;-18.065;0.0
11.299;-18.065;0.0
13.234;-20.0;0.0
12.998;-20.0;0.0
11.064;-18.065;0.0
10.828;-18.065;0.0
12.763;-20.0;0.0
12.527;-20.0;0.0
10.592;-18.065;0.0
10.357;-18.065;0.0
12.291;-20.0;0.0
12.056;-20.0;0.0
10.121;-18.065;0.0
9.885;-18.065;0.0
11.82;-20.0;0.0
11.584;-20.0;0.0
9.65;-18.065;0.0
9.414;-18.065;0.0
11.348;-20.0;0.0
11.113;-20.0;0.0
9.178;-18.065;0.0
8.942;-18.065;0.0
10.877;-20.0;0.0
10.641;-20.0;0.0
8.707;-18.065;0.0
8.471;-18.065;0.0
10.406;-20.0;0.0
10.17;-20.0;0.0
8.235;-18.065;0.0
8.0;-18.065;0.0
9.934;-20.0;0.0
9.698;-20.0;0.0
7.764;-18.065;0.0
7.528;-18.065;0.0
9.463;-20.0;0.0
9.227;-20.0;0.0
7.292;-18.065;0.0
7.057;-18.065;0.0
8.991;-20.0;0.0
8.756;-20.0;0.0
6.821;-18.065;0.0
6.585;-18.065;0.0
8.52;-20.0;0.0
8.284;-20.0;0.0
6.35;-18.065;0.0
6.114;-18.065;0.0
8.049;-20.0;0.0
7.813;-20.0;0.0
5.878;-18.065;0.0
5.643;-18.065;0.0
7.577;-20.0;0.0
7.341;-20.0;0.0
5.407;-18.065;0.0
5.171;-18.065;0.0
7.106;-20.0;0.0
6.87;-20.0;0.0
4.935;-18.065;0.0
4.7;-18.065;0.0
6.634;-20.0;0.0
6.399;-20.0;0.0
4.464;-18.065;0.0
4.228;-18.065;0.0
6.163;-20.0;0.0
5.927;-20.0;0.0
3.993;-18.065;0.0
3.757;-18.065;0.0
5.692;-20.0;0.0
5.456;-20.0;0.0
3.521;-18.065;0.0
3.286;-18.065;0.0
5.22;-20.0;0.0
4.984;-20.0;0.0
3.05;-18.065;0.0
2.814;-18.065;0.0
4.749;-20.0;0.0
4.513;-20.0;0.0
2.578;-18.065;0.0
2.343;-18.065;0.0
4.277;-20.0;0.0
4.042;-20.0;0.0
2.107;-18.065;0.0
1.871;-18.065;0.0
3.806;-20.0;0.0
3.57;-20.0;0.0
1.636;-18.065;0.0
1.4;-18.065;0.0
3.335;-20.0;0.0
3.099;-20.0;0.0
1.164;-18.065;0.0
0.929;-18.065;0.0
2.863;-20.0;0.0
2.627;-20.0;0.0
0.693;-18.065;0.0
0.457;-18.065;0.0
2.392;-20.0;0.0
2.156;-20.0;0.0
0.221;-18.065;0.0
-0.014;-18.065;0.0
1.92;-20.0;0.0
1.685;-20.0;0.0
-0.25;-18.065;0.0
-0.486;-18.065;0.0
1.449;-20.0;0.0
1.213;-20.0;0.0
-0.721;-18.065;0.0
-0.957;-18.065;0.0
0.977;-20.0;0.0
0.742;-20.0;0.0
-1.193;-18.065;0.0
-1.428;-18.065;0.0
0.506;-20.0;0.0
0.27;-20.0;0.0
-1.664;-18.065;0.0
-1.9;-18.065;0.0
0.035;-20.0;0.0
-0.201;-20.0;0.0
-2.136;-18.065;0.0
-2.371;-18.065;0.0
-0.437;-20.0;0.0
-0.672;-20.0;0.0
-2.607;-18.065;0.0
-2.843;-18.065;0.0
-0.908;-20.0;0.0
-1.144;-20.0;0.0
-3.078;-18.065;0.0
-3.314;-18.065;0.0
-1.38;-20.0;0.0
-1.615;-20.0;0.0
-3.55;-18.065;0.0
-3.786;-18.065;0.0
-1.851;-20.0;0.0
-2.087;-20.0;0.0
-4.021;-18.065;0.0
-4.257;-18.065;0.0
-2.322;-20.0;0.0
-2.558;-20.0;0.0
-4.493;-18.065;0.0
-4.728;-18.065;0.0
-2.794;-20.0;0.0
-3.029;-20.0;0.0
-4.964;-18.065;0.0
-5.2;-18.065;0.0
-3.265;-20.0;0.0
-3.501;-20.0;0.0
-5.435;-18.065;0.0
-5.671;-18.065;0.0
-3.737;-20.0;0.0
-3.972;-20.0;0.0
-5.907;-18.065;0.0
-6.143;-18.065;0.0
-4.208;-20.0;0.0
-4.444;-20.0;0.0
-6.378;-18.065;0.0
-6.614;-18.065;0.0
-4.679;-20.0;0.0
-4.915;-20.0;0.0
-6.85;-18.065;0.0
-7.085;-18.065;0.0
-5.151;-20.0;0.0
-5.386;-20.0;0.0
-7.321;-18.065;0.0
-7.557;-18.065;0.0
-5.622;-20.0;0.0
-5.858;-20.0;0.0
-7.792;-18.065;0.0
-8.028;-18.065;0.0
-6.094;-20.0;0.0
-6.329;-20.0;0.0
-8.264;-18.065;0.0
-8.5;-18.065;0.0
-6.565;-20.0;0.0
-6.801;-20.0;0.0
-8.735;-18.065;0.0
-8.971;-18.065;0.0
-7.036;-20.0;0.0
-7.272;-20.0;0.0
-9.207;-18.065;0.0
-9.442;-18.065;0.0
-7.508;-20.0;0.0
-7.743;-20.0;0.0
-9.678;-18.065;0.0
-9.914;-18.065;0.0
-7.979;-20.0;0.0
-8.215;-20.0;0.0
-10.149;-18.065;0.0
-10.385;-18.065;0.0
-8.451;-20.0;0.0
-8.686;-20.0;0.0
-10.621;-18.065;0.0
-10.857;-18.065;0.0
-8.922;-20.0;0.0
-9.158;-20.0;0.0
-11.092;-18.065;0.0
-11.328;-18.065;0.0
-9.393;-20.0;0.0
-9.629;-20.0;0.0
-11.564;-18.065;0.0
-11.799;-18.065;0.0
-9.865;-20.0;0.0
-10.101;-20.0;0.0
-12.035;-18.065;0.0
-12.271;-18.065;0.0
-10.336;-20.0;0.0
-10.572;-20.0;0.0
-12.506;-18.065;0.0
-12.742;-18.065;0.0
-10.808;-20.0;0.0
-11.043;-20.0;0.0
-12.978;-18.065;0.0
-13.214;-18.065;0.0
-11.279;-20.0;0.0
-11.515;-20.0;0.0
-13.449;-18.065;0.0
-13.685;-18.065;0.0
-11.75;-20.0;0.0
-11.986;-20.0;0.0
-13.921;-18.065;0.0
-14.156;-18.065;0.0
-12.222;-20.0;0.0
-12.458;-20.0;0.0
-14.392;-18.065;0.0
-14.628;-18.065;0.0
-12.693;-20.0;0.0
-12.929;-20.0;0.0
-14.864;-18.065;0.0
-15.099;-18.065;0.0
-13.165;-20.0;0.0
-13.4;-20.0;0.0
-15.335;-18.065;0.0
-15.571;-18.065;0.0
-13.636;-20.0;0.0
-13.872;-20.0;0.0
-15.806;-18.065;0.0
-16.042;-18.065;0.0
-14.107;-20.0;0.0
-14.343;-20.0;0.0
-16.278;-18.065;0.0
-16.513;-18.065;0.0
-14.579;-20.0;0.0
-14.815;-20.0;0.0
-16.749;-18.065;0.0
-16.985;-18.065;0.0
-15.05;-20.0;0.0
-15.286;-20.0;0.0
-17.221;-18.065;0.0
-17.456;-18.065;0.0
-15.522;-20.0;0.0
-15.757;-20.0;0.0
-17.692;-18.065;0.0
-17.928;-18.065;0.0
-15.993;-20.0;0.0
-13.175;-13.626;0.0
-13.626;-13.175;0.0
-13.626;-12.939;0.0
-12.939;-13.626;0.0
-12.703;-13.626;0.0
-13.626;-12.703;0.0
-13.626;-12.468;0.0
-12.468;-13.626;0.0
-12.232;-13.626;0.0
-13.626;-12.232;0.0
-13.626;-11.996;0.0
-11.996;-13.626;0.0
-11.761;-13.626;0.0
-13.626;-11.761;0.0
-13.626;-11.525;0.0
-11.525;-13.626;0.0
-11.289;-13.626;0.0
-13.626;-11.289;0.0
-13.626;-11.054;0.0
-11.054;-13.626;0.0
-10.818;-13.626;0.0
-13.626;-10.818;0.0
-13.626;-10.582;0.0
-10.582;-13.626;0.0
-10.346;-13.626;0.0
-13.626;-10.346;0.0
-13.626;-10.111;0.0
-10.111;-13.626;0.0
-9.875;-13.626;0.0
-13.626;-9.875;0.0
-13.626;-9.639;0.0
-9.639;-13.626;0.0
-9.404;-13.626;0.0
-13.626;-9.404;0.0
-13.626;-9.168;0.0
-9.168;-13.626;0.0
-9.087;-13.471;0.0
-13.57;-8.988;0.0
-13.335;-8.988;0.0
-9.087;-13.235;0.0
-9.087;-13.0;0.0
-13.099;-8.988;0.0
-12.863;-8.988;0.0
-9.087;-12.764;0.0
-9.087;-12.528;0.0
-12.627;-8.988;0.0
-12.392;-8.988;0.0
-9.087;-12.293;0.0
-9.087;-12.057;0.0
-12.156;-8.988;0.0
-11.92;-8.988;0.0
-9.087;-11.821;0.0
-9.087;-11.585;0.0
-11.685;-8.988;0.0
-11.449;-8.988;0.0
-9.087;-11.35;0.0
-9.087;-11.114;0.0
-11.213;-8.988;0.0
-10.977;-8.988;0.0
-9.087;-10.878;0.0
-9.087;-10.643;0.0
-10.742;-8.988;0.0
-10.506;-8.988;0.0
-9.087;-10.407;0.0
-9.087;-10.171;0.0
-10.27;-8.988;0.0
-10.035;-8.988;0.0
-9.087;-9.935;0.0
-9.087;-9.7;0.0
-9.799;-8.988;0.0
-9.563;-8.988;0.0
-9.087;-9.464;0.0
-9.087;-9.228;0.0
-9.328;-8.988;0.0
-9.092;-8.988;0.0
-9.087;-8.993;0.0
-8.681;-4.449;0.0
-9.087;-4.043;0.0
-9.087;-4.279;0.0
-8.917;-4.449;0.0
-9.087;-3.807;0.0
-8.445;-4.449;0.0
-8.21;-4.449;0.0
-9.087;-3.572;0.0
-9.087;-3.336;0.0
-7.974;-4.449;0.0
-7.738;-4.449;0.0
-9.087;-3.1;0.0
-9.087;-2.864;0.0
-7.502;-4.449;0.0
-7.267;-4.449;0.0
-9.087;-2.629;0.0
-9.087;-2.393;0.0
-7.031;-4.449;0.0
-6.795;-4.449;0.0
-9.087;-2.157;0.0
-9.087;-1.922;0.0
-6.56;-4.449;0.0
-6.324;-4.449;0.0
-9.087;-1.686;0.0
-9.087;-1.45;0.0
-6.088;-4.449;0.0
-5.852;-4.449;0.0
-9.087;-1.214;0.0
-9.087;-0.979;0.0
-5.617;-4.449;0.0
-5.381;-4.449;0.0
-9.087;-0.743;0.0
-9.087;-0.507;0.0
-5.145;-4.449;0.0
-4.91;-4.449;0.0
-9.087;-0.272;0.0
-9.087;-0.036;0.0
-4.674;-4.449;0.0
-4.449;-4.674;0.0
-0.135;-8.988;0.0
0.09;-8.977;0.0
-13.626;4.739;0.0
-13.626;4.974;0.0
0.09;-8.741;0.0
0.09;-8.506;0.0
-13.626;5.21;0.0
-13.626;5.446;0.0
0.09;-8.27;0.0
0.09;-8.034;0.0
-13.626;5.681;0.0
-13.626;5.917;0.0
0.09;-7.799;0.0
0.09;-7.563;0.0
-13.626;6.153;0.0
-13.626;6.388;0.0
0.09;-7.327;0.0
0.09;-7.091;0.0
-13.626;6.624;0.0
-13.626;6.86;0.0
0.09;-6.856;0.0
0.09;-6.62;0.0
-13.626;7.096;0.0
-13.626;7.331;0.0
0.09;-6.384;0.0
0.09;-6.149;0.0
-13.626;7.567;0.0
-13.626;7.803;0.0
0.09;-5.913;0.0
0.09;-5.677;0.0
-13.626;8.038;0.0
-13.626;8.274;0.0
0.09;-5.442;0.0
0.09;-5.206;0.0
-13.626;8.51;0.0
-13.626;8.745;0.0
0.09;-4.97;0.0
0.09;-4.734;0.0
-13.626;8.981;0.0
-13.626;9.217;0.0
-9.087;4.678;0.0
-9.038;4.629;0.0
0.09;-4.499;0.0
0.09;-4.263;0.0
-4.263;0.09;0.0
-4.027;0.09;0.0
0.09;-4.027;0.0
0.09;-3.792;0.0
-3.792;0.09;0.0
-3.556;0.09;0.0
0.09;-3.556;0.0
0.09;-3.32;0.0
-3.32;0.09;0.0
-3.085;0.09;0.0
0.09;-3.085;0.0
0.09;-2.849;0.0
-2.849;0.09;0.0
-2.613;0.09;0.0
0.09;-2.613;0.0
0.09;-2.377;0.0
-2.377;0.09;0.0
-2.142;0.09;0.0
0.09;-2.142;0.0
0.09;-1.906;0.0
-1.906;0.09;0.0
-1.67;0.09;0.0
0.09;-1.67;0.0
0.09;-1.435;0.0
-1.435;0.09;0.0
-1.199;0.09;0.0
0.09;-1.199;0.0
0.09;-0.963;0.0
-0.963;0.09;0.0
-0.727;0.09;0.0
0.09;-0.727;0.0
0.09;-0.492;0.0
-0.492;0.09;0.0
-0.256;0.09;0.0
0.09;-0.256;0.0
0.09;-0.02;0.0
-0.02;0.09;0.0
0.09;0.215;0.0
0.215;0.09;0.0
0.451;0.09;0.0
0.09;0.451;0.0
0.09;0.687;0.0
0.687;0.09;0.0
0.922;0.09;0.0
0.09;0.922;0.0
0.09;1.158;0.0
1.158;0.09;0.0
1.394;0.09;0.0
0.09;1.394;0.0
0.09;1.63;0.0
1.63;0.09;0.0
1.865;0.09;0.0
0.09;1.865;0.0
0.09;2.101;0.0
2.101;0.09;0.0
2.337;0.09;0.0
0.09;2.337;0.0
0.09;2.572;0.0
2.572;0.09;0.0
2.808;0.09;0.0
0.09;2.808;0.0
0.09;3.044;0.0
3.044;0.09;0.0
3.279;0.09;0.0
0.09;3.279;0.0
0.09;3.515;0.0
3.515;0.09;0.0
3.751;0.09;0.0
0.09;3.751;0.0
0.09;3.987;0.0
3.987;0.09;0.0
4.222;0.09;0.0
0.09;4.222;0.0
0.09;4.458;0.0
4.458;0.09;0.0
4.694;0.09;0.0
0.155;4.629;0.0
0.391;4.629;0.0
4.929;0.09;0.0
5.165;0.09;0.0
0.626;4.629;0.0
0.862;4.629;0.0
5.401;0.09;0.0
5.636;0.09;0.0
1.098;4.629;0.0
1.333;4.629;0.0
5.872;0.09;0.0
6.108;0.09;0.0
1.569;4.629;0.0
1.805;4.629;0.0
6.344;0.09;0.0
6.579;0.09;0.0
2.04;4.629;0.0
2.276;4.629;0.0
6.815;0.09;0.0
7.051;0.09;0.0
2.512;4.629;0.0
2.748;4.629;0.0
7.286;0.09;0.0
7.522;0.09;0.0
2.983;4.629;0.0
3.219;4.629;0.0
7.758;0.09;0.0
7.993;0.09;0.0
3.455;4.629;0.0
3.69;4.629;0.0
8.229;0.09;0.0
8.465;0.09;0.0
3.926;4.629;0.0
4.162;4.629;0.0
8.701;0.09;0.0
8.936;0.09;0.0
4.398;4.629;0.0
4.629;4.633;0.0
9.172;0.09;0.0
9.408;0.09;0.0
4.629;4.869;0.0
4.629;5.105;0.0
9.643;0.09;0.0
9.879;0.09;0.0
4.629;5.34;0.0
4.629;5.576;0.0
10.115;0.09;0.0
10.35;0.09;0.0
4.629;5.812;0.0
4.629;6.047;0.0
10.586;0.09;0.0
10.822;0.09;0.0
4.629;6.283;0.0
4.629;6.519;0.0
11.058;0.09;0.0
11.293;0.09;0.0
4.629;6.755;0.0
4.629;6.99;0.0
11.529;0.09;0.0
11.765;0.09;0.0
4.629;7.226;0.0
4.629;7.462;0.0
12.0;0.09;0.0
12.236;0.09;0.0
4.629;7.697;0.0
4.629;7.933;0.0
12.472;0.09;0.0
12.708;0.09;0.0
4.629;8.169;0.0
4.629;8.404;0.0
12.943;0.09;0.0
13.179;0.09;0.0
4.629;8.64;0.0
4.629;8.876;0.0
13.415;0.09;0.0
13.65;0.09;0.0
4.629;9.112;0.0
4.474;9.267;0.0
0.09;13.65;0.0
0.17;13.805;0.0
13.805;0.17;0.0
13.805;0.406;0.0
0.406;13.805;0.0
0.642;13.805;0.0
13.805;0.642;0.0
13.805;0.878;0.0
0.878;13.805;0.0
1.113;13.805;0.0
13.805;1.113;0.0
13.805;1.349;0.0
1.349;13.805;0.0
1.585;13.805;0.0
13.805;1.585;0.0
13.805;1.82;0.0
1.82;13.805;0.0
2.056;13.805;0.0
13.805;2.056;0.0
13.805;2.292;0.0
2.292;13.805;0.0
2.527;13.805;0.0
13.805;2.527;0.0
13.805;2.763;0.0
2.763;13.805;0.0
2.999;13.805;0.0
13.805;2.999;0.0
13.805;3.235;0.0
3.235;13.805;0.0
3.47;13.805;0.0
13.805;3.47;0.0
13.805;3.706;0.0
3.706;13.805;0.0
3.942;13.805;0.0
13.805;3.942;0.0
13.805;4.177;0.0
4.177;13.805;0.0
4.413;13.805;0.0
13.805;4.413;0.0
13.805;4.649;0.0
4.649;13.805;0.0
4.884;13.805;0.0
13.805;4.884;0.0
13.805;5.12;0.0
5.12;13.805;0.0
5.356;13.805;0.0
13.805;5.356;0.0
13.805;5.592;0.0
5.592;13.805;0.0
5.827;13.805;0.0
13.805;5.827;0.0
13.805;6.063;0.0
6.063;13.805;0.0
6.299;13.805;0.0
13.805;6.299;0.0
13.805;6.534;0.0
6.534;13.805;0.0
6.77;13.805;0.0
13.805;6.77;0.0
13.805;7.006;0.0
7.006;13.805;0.0
7.241;13.805;0.0
13.805;7.241;0.0
13.805;7.477;0.0
7.477;13.805;0.0
7.713;13.805;0.0
13.805;7.713;0.0
13.805;7.949;0.0
7.949;13.805;0.0
8.184;13.805;0.0
13.805;8.184;0.0
13.805;8.42;0.0
8.42;13.805;0.0
8.656;13.805;0.0
13.805;8.656;0.0
13.805;8.891;0.0
8.891;13.805;0.0
9.127;13.805;0.0
13.805;9.127;0.0
13.805;9.363;0.0
9.363;13.805;0.0
9.599;13.805;0.0
13.805;9.599;0.0
13.805;9.834;0.0
9.834;13.805;0.0
10.07;13.805;0.0
13.805;10.07;0.0
13.805;10.306;0.0
10.306;13.805;0.0
10.541;13.805;0.0
13.805;10.541;0.0
13.805;10.777;0.0
10.777;13.805;0.0
11.013;13.805;0.0
13.805;11.013;0.0
13.805;11.248;0.0
11.248;13.805;0.0
11.484;13.805;0.0
13.805;11.484;0.0
13.805;11.72;0.0
11.72;13.805;0.0
11.956;13.805;0.0
13.805;11.956;0.0
13.805;12.191;0.0
12.191;13.805;0.0
12.427;13.805;0.0
13.805;12.427;0.0
13.805;12.663;0.0
12.663;13.805;0.0
12.898;13.805;0.0
13.805;12.898;0.0
13.805;13.134;0.0
13.134;13.805;0.0
13.37;13.805;0.0
13.805;13.37;0.0
13.805;13.605;0.0
13.605;13.805;0.0
19.981;16.858;0.0
16.858;19.981;0.0
17.094;19.981;0.0
19.981;17.094;0.0
19.981;17.329;0.0
17.329;19.981;0.0
17.565;19.981;0.0
19.981;17.565;0.0
19.981;17.801;0.0
17.801;19.981;0.0
18.036;19.981;0.0
19.981;18.036;0.0
19.981;18.272;0.0
18.272;19.981;0.0
18.508;19.981;0.0
19.981;18.508;0.0
19.981;18.743;0.0
18.743;19.981;0.0
18.979;19.981;0.0
19.981;18.979;0.0
19.981;19.215;0.0
19.215;19.981;0.0
19.451;19.981;0.0
19.981;19.451;0.0
19.981;19.686;0.0
19.686;19.981;0.0
19.922;19.981;0.0
19.981;19.922;0.0
4.002;9.267;0.0
0.09;13.179;0.0
0.09;12.943;0.0
3.766;9.267;0.0
3.531;9.267;0.0
0.09;12.708;0.0
0.09;12.472;0.0
3.295;9.267;0.0
3.059;9.267;0.0
0.09;12.236;0.0
0.09;12.0;0.0
2.824;9.267;0.0
2.588;9.267;0.0
0.09;11.765;0.0
0.09;11.529;0.0
2.352;9.267;0.0
2.116;9.267;0.0
0.09;11.293;0.0
0.09;11.058;0.0
1.881;9.267;0.0
1.645;9.267;0.0
0.09;10.822;0.0
0.09;10.586;0.0
1.409;9.267;0.0
1.174;9.267;0.0
0.09;10.35;0.0
0.09;10.115;0.0
0.938;9.267;0.0
0.702;9.267;0.0
0.09;9.879;0.0
0.09;9.643;0.0
0.467;9.267;0.0
0.231;9.267;0.0
0.09;9.408;0.0
0.09;13.415;0.0
4.238;9.267;0.0
-4.449;4.518;0.0
-4.559;4.629;0.0
-4.795;4.629;0.0
-4.449;4.283;0.0
-4.449;4.047;0.0
-5.031;4.629;0.0
-5.266;4.629;0.0
-4.449;3.811;0.0
-4.449;3.576;0.0
-5.502;4.629;0.0
-5.738;4.629;0.0
-4.449;3.34;0.0
-4.449;3.104;0.0
-5.973;4.629;0.0
-6.209;4.629;0.0
-4.449;2.869;0.0
-4.449;2.633;0.0
-6.445;4.629;0.0
-6.681;4.629;0.0
-4.449;2.397;0.0
-4.449;2.161;0.0
-6.916;4.629;0.0
-7.152;4.629;0.0
-4.449;1.926;0.0
-4.449;1.69;0.0
-7.388;4.629;0.0
-7.623;4.629;0.0
-4.449;1.454;0.0
-4.449;1.219;0.0
-7.859;4.629;0.0
-8.095;4.629;0.0
-4.449;0.983;0.0
-4.449;0.747;0.0
-8.33;4.629;0.0
-8.566;4.629;0.0
-4.449;0.511;0.0
-4.449;0.276;0.0
-8.802;4.629;0.0
-9.087;4.914;0.0
-13.44;9.267;0.0
-13.204;9.267;0.0
-9.087;5.149;0.0
-9.087;5.385;0.0
-12.968;9.267;0.0
-12.733;9.267;0.0
-9.087;5.621;0.0
-9.087;5.857;0.0
-12.497;9.267;0.0
-12.261;9.267;0.0
-9.087;6.092;0.0
-9.087;6.328;0.0
-12.026;9.267;0.0
-11.79;9.267;0.0
-9.087;6.564;0.0
-9.087;6.799;0.0
-11.554;9.267;0.0
-11.319;9.267;0.0
-9.087;7.035;0.0
-9.087;7.271;0.0
-11.083;9.267;0.0
-10.847;9.267;0.0
-9.087;7.507;0.0
-9.087;7.742;0.0
-10.611;9.267;0.0
-10.376;9.267;0.0
-9.087;7.978;0.0
-9.087;8.214;0.0
-10.14;9.267;0.0
-9.904;9.267;0.0
-9.087;8.449;0.0
-9.087;8.685;0.0
-9.669;9.267;0.0
-9.433;9.267;0.0
-9.087;8.921;0.0
-9.087;9.156;0.0
-9.197;9.267;0.0
-13.626;4.503;0.0
-9.213;0.09;0.0
-9.448;0.09;0.0
-13.626;4.267;0.0
-13.626;4.031;0.0
-9.684;0.09;0.0
-9.92;0.09;0.0
-13.626;3.796;0.0
-13.626;3.56;0.0
-10.156;0.09;0.0
-10.391;0.09;0.0
-13.626;3.324;0.0
-13.626;3.089;0.0
-10.627;0.09;0.0
-10.863;0.09;0.0
-13.626;2.853;0.0
-13.626;2.617;0.0
-11.098;0.09;0.0
-11.334;0.09;0.0
-13.626;2.382;0.0
-13.626;2.146;0.0
-11.57;0.09;0.0
-11.806;0.09;0.0
-13.626;1.91;0.0
-13.626;1.674;0.0
-12.041;0.09;0.0
-12.277;0.09;0.0
-13.626;1.439;0.0
-13.626;1.203;0.0
-12.513;0.09;0.0
-12.748;0.09;0.0
-13.626;0.967;0.0
-13.626;0.732;0.0
-12.984;0.09;0.0
-13.22;0.09;0.0
-13.626;0.496;0.0
-13.626;0.26;0.0
-13.455;0.09;0.0
-4.449;-5.145;0.0
-0.607;-8.988;0.0
-0.371;-8.988;0.0
-4.449;-4.91;0.0
-4.449;-5.617;0.0
-1.078;-8.988;0.0
-0.842;-8.988;0.0
-4.449;-5.381;0.0
-4.449;-6.088;0.0
-1.549;-8.988;0.0
-1.314;-8.988;0.0
-4.449;-5.852;0.0
-4.449;-6.56;0.0
-2.021;-8.988;0.0
-1.785;-8.988;0.0
-4.449;-6.324;0.0
-4.449;-7.031;0.0
-2.492;-8.988;0.0
-2.728;-8.988;0.0
-4.449;-7.267;0.0
-4.449;-7.502;0.0
-2.964;-8.988;0.0
-3.199;-8.988;0.0
-4.449;-7.738;0.0
-4.449;-7.974;0.0
-3.435;-8.988;0.0
-3.671;-8.988;0.0
-4.449;-8.21;0.0
-4.449;-8.445;0.0
-3.906;-8.988;0.0
-4.142;-8.988;0.0
-4.449;-8.681;0.0
-4.449;-8.917;0.0
-4.378;-8.988;0.0
-2.256;-8.988;0.0
-4.449;-6.795;0.0
0.09;-9.213;0.0
4.503;-13.626;0.0
4.267;-13.626;0.0
0.09;-9.448;0.0
0.09;-9.684;0.0
4.031;-13.626;0.0
3.796;-13.626;0.0
0.09;-9.92;0.0
0.09;-10.156;0.0
3.56;-13.626;0.0
3.324;-13.626;0.0
0.09;-10.391;0.0
0.09;-10.627;0.0
3.089;-13.626;0.0
2.853;-13.626;0.0
0.09;-10.863;0.0
0.09;-11.098;0.0
2.617;-13.626;0.0
2.382;-13.626;0.0
0.09;-11.334;0.0
0.09;-11.57;0.0
2.146;-13.626;0.0
1.91;-13.626;0.0
0.09;-11.806;0.0
0.09;-12.041;0.0
1.674;-13.626;0.0
1.439;-13.626;0.0
0.09;-12.277;0.0
0.09;-12.513;0.0
1.203;-13.626;0.0
0.967;-13.626;0.0
0.09;-12.748;0.0
0.09;-12.984;0.0
0.732;-13.626;0.0
0.496;-13.626;0.0
0.09;-13.22;0.0
0.09;-13.455;0.0
0.26;-13.626;0.0
4.739;-13.626;0.0
0.101;-8.988;0.0
0.336;-8.988;0.0
4.974;-13.626;0.0
5.21;-13.626;0.0
0.572;-8.988;0.0
0.808;-8.988;0.0
5.446;-13.626;0.0
5.681;-13.626;0.0
1.043;-8.988;0.0
1.279;-8.988;0.0
5.917;-13.626;0.0
6.153;-13.626;0.0
1.515;-8.988;0.0
1.75;-8.988;0.0
6.388;-13.626;0.0
6.624;-13.626;0.0
1.986;-8.988;0.0
2.222;-8.988;0.0
6.86;-13.626;0.0
7.096;-13.626;0.0
2.458;-8.988;0.0
2.693;-8.988;0.0
7.331;-13.626;0.0
7.567;-13.626;0.0
2.929;-8.988;0.0
3.165;-8.988;0.0
7.803;-13.626;0.0
8.038;-13.626;0.0
3.4;-8.988;0.0
3.636;-8.988;0.0
8.274;-13.626;0.0
8.51;-13.626;0.0
3.872;-8.988;0.0
4.107;-8.988;0.0
8.745;-13.626;0.0
8.981;-13.626;0.0
4.343;-8.988;0.0
4.579;-8.988;0.0
9.167;-13.576;0.0
9.167;-13.341;0.0
4.629;-8.802;0.0
4.629;-8.566;0.0
9.167;-13.105;0.0
9.167;-12.869;0.0
4.629;-8.33;0.0
4.629;-8.095;0.0
9.167;-12.634;0.0
9.167;-12.398;0.0
4.629;-7.859;0.0
4.629;-7.623;0.0
9.167;-12.162;0.0
9.167;-11.926;0.0
4.629;-7.388;0.0
4.629;-7.152;0.0
9.167;-11.691;0.0
9.167;-11.455;0.0
4.629;-6.916;0.0
4.629;-6.681;0.0
9.167;-11.219;0.0
9.167;-10.984;0.0
4.629;-6.445;0.0
4.629;-6.209;0.0
9.167;-10.748;0.0
9.167;-10.512;0.0
4.629;-5.973;0.0
4.629;-5.738;0.0
9.167;-10.277;0.0
9.167;-10.041;0.0
4.629;-5.502;0.0
4.629;-5.266;0.0
9.167;-9.805;0.0
9.167;-9.569;0.0
4.629;-5.031;0.0
4.629;-4.795;0.0
9.167;-9.334;0.0
9.167;-9.098;0.0
4.629;-4.559;0.0
4.754;-4.449;0.0
9.167;-8.862;0.0
9.167;-8.627;0.0
4.99;-4.449;0.0
5.226;-4.449;0.0
9.167;-8.391;0.0
9.167;-8.155;0.0
5.461;-4.449;0.0
5.697;-4.449;0.0
9.167;-7.919;0.0
9.167;-7.684;0.0
5.933;-4.449;0.0
6.168;-4.449;0.0
9.167;-7.448;0.0
9.167;-7.212;0.0
6.404;-4.449;0.0
6.64;-4.449;0.0
9.167;-6.977;0.0
9.167;-6.741;0.0
6.875;-4.449;0.0
7.111;-4.449;0.0
9.167;-6.505;0.0
9.167;-6.27;0.0
7.347;-4.449;0.0
7.583;-4.449;0.0
9.167;-6.034;0.0
9.167;-5.798;0.0
7.818;-4.449;0.0
8.054;-4.449;0.0
9.167;-5.562;0.0
9.167;-5.327;0.0
8.29;-4.449;0.0
8.525;-4.449;0.0
9.167;-5.091;0.0
9.167;-4.855;0.0
8.761;-4.449;0.0
8.997;-4.449;0.0
9.167;-4.62;0.0
-13.626;-13.411;0.0
-13.411;-13.626;0.0
-11.356;-13.626;0.0
-13.626;-13.626;0.0
-13.626;-11.307;0.0
-13.626;-8.988;0.0
-11.356;-8.988;0.0
-9.087;-8.988;0.0
-9.087;-11.307;0.0
-9.087;-13.626;0.0
-11.356;-13.626;0.0
0.09;-18.065;0.0
18.344;-18.065;0.0
18.344;0.139;0.0
18.344;18.344;0.0
0.09;18.344;0.0
-18.165;18.344;0.0
-18.165;0.139;0.0
-18.165;-18.065;0.0
0.09;-18.065;0.0
-0.009;-20.0;0.0
-20.0;-20.0;0.0
-20.0;-0.009;0.0
-20.0;19.981;0.0
-0.009;19.981;0.0
19.981;19.981;0.0
19.981;-0.009;0.0
19.981;-20.0;0.0
-0.009;-20.0;0.0
4.629;-13.626;0.0
0.09;-13.626;0.0
0.09;-11.307;0.0
0.09;-8.988;0.0
-2.18;-8.988;0.0
-4.449;-8.988;0.0
-4.449;-6.718;0.0
-4.449;-4.449;0.0
-6.768;-4.449;0.0
-9.087;-4.449;0.0
-9.087;-2.18;0.0
-9.087;0.09;0.0
-11.356;0.09;0.0
-13.626;0.09;0.0
-13.626;4.678;0.0
-13.626;9.267;0.0
-11.356;9.267;0.0
-9.087;9.267;0.0
-9.087;6.948;0.0
-9.087;4.629;0.0
-6.768;4.629;0.0
-4.449;4.629;0.0
-4.449;2.359;0.0
-4.449;0.09;0.0
-2.18;0.09;0.0
0.09;0.09;0.0
0.09;2.359;0.0
0.09;4.629;0.0
2.359;4.629;0.0
4.629;4.629;0.0
4.629;6.948;0.0
4.629;9.267;0.0
2.359;9.267;0.0
0.09;9.267;0.0
0.09;11.536;0.0
0.09;13.805;0.0
6.948;13.805;0.0
13.805;13.805;0.0
13.805;6.948;0.0
13.805;0.09;0.0
6.948;0.09;0.0
0.09;0.09;0.0
0.09;-4.449;0.0
0.09;-8.988;0.0
2.359;-8.988;0.0
4.629;-8.988;0.0
4.629;-6.718;0.0
4.629;-4.449;0.0
6.898;-4.449;0.0
9.167;-4.449;0.0
9.167;-9.037;0.0
9.167;-13.626;0.0
