# x 	 y 	 x_err 	 y_err
   0.00000  -60.00000   -0.39381   -0.04330
  20.00000  -60.00000   -0.34655   -0.09253
  60.00000  -60.00000   -0.23563   -0.19101
  40.00000  -60.00000   -0.29929   -0.14175
 120.00000  -60.00000   -0.11027   -0.32227
 100.00000  -60.00000   -0.15752   -0.25662
  80.00000  -60.00000   -0.15556   -0.25662
 400.00000  -60.00000    0.55131   -0.17459
 140.00000  -60.00000   -0.01379   -0.37149
 460.00000  -60.00000    0.51261   -0.25662
 440.00000  -60.00000    0.54740   -0.24020
 240.00000  -60.00000    0.15684   -0.27304
 420.00000  -60.00000    0.56577   -0.20737
 280.00000  -60.00000    0.26780   -0.35507
 220.00000  -60.00000    0.17524   -0.37149
 200.00000  -60.00000    0.12800   -0.30585
 180.00000  -60.00000    0.06432   -0.32224
 340.00000  -60.00000    0.39310   -0.22382
 160.00000  -60.00000    0.08270   -0.33865
  20.00000  -40.00000   -0.23168   -0.07809
   0.00000  -40.00000   -0.24613   -0.04529
  60.00000  -40.00000   -0.12078   -0.16013
  40.00000  -40.00000   -0.21725   -0.12732
  80.00000  -40.00000   -0.08993   -0.20935
 380.00000  -40.00000    0.65177   -0.14374
 140.00000  -40.00000    0.08466   -0.32422
 400.00000  -40.00000    0.64979   -0.20935
 360.00000  -40.00000    0.55527   -0.20938
 300.00000  -40.00000    0.34785   -0.30783
 280.00000  -40.00000    0.31699   -0.25861
 240.00000  -40.00000    0.22251   -0.27499
 220.00000  -40.00000    0.09318   -0.30780
 200.00000  -40.00000    0.17719   -0.27499
 460.00000  -40.00000    0.64390   -0.30783
 180.00000  -40.00000    0.17918   -0.25858
 160.00000  -40.00000    0.13192   -0.32425
 340.00000  -40.00000    0.57365   -0.19296
  20.00000  -20.00000   -0.11684   -0.04724
   0.00000  -20.00000   -0.16409    0.00198
  60.00000  -20.00000   -0.05514   -0.11288
  40.00000  -20.00000   -0.08598   -0.09647
 120.00000  -20.00000    0.03741   -0.24417
  80.00000  -20.00000   -0.00788   -0.16214
 400.00000  -20.00000    0.74824   -0.21133
 380.00000  -20.00000    0.75019   -0.17853
 340.00000  -20.00000    0.62287   -0.17850
 240.00000  -20.00000    0.27174   -0.26056
 220.00000  -20.00000    0.22446   -0.24414
 200.00000  -20.00000    0.22642   -0.24417
 360.00000  -20.00000    0.60450   -0.17853
 300.00000  -20.00000    0.38068   -0.22772
 280.00000  -20.00000    0.39902   -0.26056
 260.00000  -20.00000    0.28617   -0.24414
 140.00000  -20.00000    0.18311   -0.27698
 440.00000  -20.00000    0.74430   -0.27695
 180.00000  -20.00000    0.22840   -0.22775
 160.00000  -20.00000    0.04987   -0.21133
 460.00000  -20.00000    0.75877   -0.30978
  20.00000    0.00000   -0.01838    0.01642
   0.00000    0.00000   -0.03282    0.06564
  80.00000    0.00000    0.09057   -0.13126
  60.00000    0.00000    0.07614   -0.06564
  40.00000    0.00000    0.01247   -0.03281
 120.00000    0.00000    0.15226   -0.16409
 100.00000    0.00000    0.12142   -0.13127
 380.00000    0.00000    0.84867   -0.19690
 240.00000    0.00000    0.30454   -0.19690
 220.00000    0.00000    0.35575   -0.19688
 140.00000    0.00000    0.21593   -0.21330
 400.00000    0.00000    0.87949   -0.19690
 260.00000    0.00000    0.38462   -0.16406
 200.00000    0.00000    0.27567   -0.18050
 160.00000    0.00000    0.24677   -0.16409
 180.00000    0.00000    0.31043   -0.18048
 440.00000    0.00000    0.85917   -0.31175
  20.00000   20.00000    0.09647    0.06367
   0.00000   20.00000    0.11486    0.11290
  80.00000   20.00000    0.18902   -0.03477
  60.00000   20.00000    0.15817   -0.01837
  40.00000   20.00000    0.11092    0.03085
 120.00000   20.00000    0.20148   -0.10040
 100.00000   20.00000    0.20347   -0.10042
 240.00000   20.00000    0.38657   -0.10040
 220.00000   20.00000    0.37214   -0.10040
 200.00000   20.00000    0.34132   -0.11682
 140.00000   20.00000    0.29798   -0.13322
 360.00000   20.00000    0.78498   -0.13324
 180.00000   20.00000    0.35967   -0.11682
 400.00000   20.00000    0.96152   -0.19888
 340.00000   20.00000    0.73771   -0.10040
 280.00000   20.00000    0.51389   -0.13322
 260.00000   20.00000    0.33537   -0.08400
 440.00000   20.00000    0.95759   -0.24808
 380.00000   20.00000    0.94709   -0.16605
 460.00000   20.00000    0.88999   -0.19887
 160.00000   20.00000    0.32882   -0.11682
  20.00000   40.00000    0.21134    0.11092
   0.00000   40.00000    0.22972    0.12733
  80.00000   40.00000    0.28747    0.01247
  60.00000   40.00000    0.28944    0.02888
  40.00000   40.00000    0.22578    0.09451
 120.00000   40.00000    0.28353   -0.03676
 100.00000   40.00000    0.30192   -0.03674
 240.00000   40.00000    0.46864   -0.02034
 220.00000   40.00000    0.43778   -0.05316
 140.00000   40.00000    0.41285   -0.08597
 360.00000   40.00000    0.81779   -0.06956
 340.00000   40.00000    0.78693   -0.10237
 260.00000   40.00000    0.49949   -0.05316
 200.00000   40.00000    0.43977   -0.05315
 180.00000   40.00000    0.40888   -0.03674
 400.00000   40.00000    1.07642   -0.18442
 380.00000   40.00000    1.11118   -0.13519
 460.00000   40.00000    1.02128   -0.20082
 160.00000   40.00000    0.37806   -0.10239
 440.00000   40.00000    1.05604   -0.29929
   0.00000   60.00000    0.34458    0.17459
  40.00000   60.00000    0.37345    0.10895
  20.00000   60.00000    0.37543    0.14178
 140.00000   60.00000    0.47846   -0.03873
 120.00000   60.00000    0.39838   -0.02231
 100.00000   60.00000    0.41679   -0.00589
  80.00000   60.00000    0.41874    0.02692
  60.00000   60.00000    0.37150    0.05972
 200.00000   60.00000    0.53822    0.01050
 360.00000   60.00000    0.91624    0.02692
 340.00000   60.00000    0.96745    0.04332
 260.00000   60.00000    0.61433    0.01050
 220.00000   60.00000    0.50340    0.04333
 160.00000   60.00000    0.36164   -0.12076
 400.00000   60.00000    1.19123   -0.16998
 380.00000   60.00000    1.14399   -0.10437
 180.00000   60.00000    0.63862    0.05972
 440.00000   60.00000    1.17091   -0.21921
 460.00000   60.00000    1.13615   -0.26843
 380.00000  -60.00000    0.58610   -0.04330
 360.00000  -60.00000    0.53886   -0.24020
 320.00000  -60.00000    0.44437   -0.25662
 260.00000  -60.00000    0.18772   -0.28946
 300.00000  -60.00000    0.34788   -0.35507
 120.00000  -40.00000   -0.01183   -0.32422
 420.00000  -40.00000    0.66422   -0.24219
 260.00000  -40.00000    0.26975   -0.27499
 320.00000  -40.00000    0.47715   -0.14371
 440.00000  -40.00000    0.66224   -0.29141
 420.00000  -20.00000    0.74625   -0.26056
 320.00000  -20.00000    0.57560   -0.29337
 340.00000    0.00000    0.81977   -0.18048
 320.00000    0.00000    0.59202   -0.21332
 300.00000    0.00000    0.39707   -0.14767
 280.00000    0.00000    0.44828   -0.21330
 420.00000    0.00000    0.81193   -0.19690
 360.00000    0.00000    0.71934   -0.21332
 460.00000    0.00000    0.82438   -0.29535
 300.00000   20.00000    0.51194   -0.13322
 320.00000   20.00000    0.77250   -0.14963
 420.00000   20.00000    0.95957   -0.24808
 320.00000   40.00000    0.78892   -0.00394
 300.00000   40.00000    0.69245   -0.08598
 280.00000   40.00000    0.46470   -0.08598
 420.00000   40.00000    1.05802   -0.25006
 240.00000   60.00000    0.56705    0.02692
 320.00000   60.00000    0.83814   -0.03873
 300.00000   60.00000    0.72526   -0.05513
 280.00000   60.00000    0.56315   -0.10435
 420.00000   60.00000    1.17289   -0.21922
