# x 	 y 	 x_err 	 y_err
-200.00000  -30.00000    0.33167    0.77944
-200.00000  -20.00000    0.46434    0.82919
-200.00000  -10.00000    0.46434    0.74627
-200.00000    0.00000    0.46434    0.66335
-200.00000   10.00000    0.33167    0.71310
-200.00000   20.00000    0.33167    0.49751
-200.00000   30.00000    0.46434    0.54726
-200.00000   40.00000    0.33167    0.46434
-200.00000   50.00000    0.33167    0.51410
-200.00000   60.00000    0.33167    0.56385
-200.00000   70.00000    0.19900    0.61360
-200.00000   80.00000    0.33167    0.53068
-200.00000   90.00000    0.19900    0.71310
-200.00000  100.00000    0.33167    0.76285
-200.00000  110.00000    0.19900    0.81260
-200.00000  120.00000    0.19900    0.72968
-200.00000  130.00000    0.33167    0.91211
-200.00000  140.00000    0.19900    0.96186
-200.00000  150.00000    0.33167    1.01161
-200.00000  160.00000    0.19900    1.32670
-200.00000  170.00000    0.19900    1.24378
-190.00000  -30.00000    0.38143    0.77944
-190.00000  -20.00000    0.38143    0.69652
-190.00000  -10.00000    0.51410    0.61360
-190.00000    0.00000    0.38143    0.66335
-190.00000   10.00000    0.38143    0.58043
-190.00000   20.00000    0.38143    0.63018
-190.00000   30.00000    0.38143    0.54726
-190.00000   40.00000    0.38143    0.46434
-190.00000   50.00000    0.38143    0.51410
-190.00000   60.00000    0.24876    0.56385
-190.00000   70.00000    0.38143    0.48093
-190.00000   80.00000    0.24876    0.53068
-190.00000   90.00000    0.38143    0.58043
-190.00000  100.00000    0.24876    0.63018
-190.00000  110.00000    0.24876    0.67993
-190.00000  120.00000    0.24876    0.72968
-190.00000  130.00000    0.24876    0.91211
-190.00000  140.00000    0.24876    0.96186
-190.00000  150.00000    0.24876    1.14428
-190.00000  160.00000    0.24876    1.06136
-190.00000  170.00000    0.24876    1.24378
-180.00000  -30.00000    0.29851    0.64677
-180.00000  -20.00000    0.43118    0.82919
-180.00000  -10.00000    0.43118    0.61360
-180.00000    0.00000    0.43118    0.66335
-180.00000   10.00000    0.43118    0.58043
-180.00000   20.00000    0.43118    0.63018
-180.00000   30.00000    0.29851    0.54726
-180.00000   40.00000    0.29851    0.59701
-180.00000   50.00000    0.29851    0.51410
-180.00000   60.00000    0.43118    0.43118
-180.00000   70.00000    0.16584    0.48093
-180.00000   80.00000    0.29851    0.53068
-180.00000   90.00000    0.29851    0.71310
-180.00000  100.00000    0.29851    0.63018
-180.00000  110.00000    0.29851    0.67993
-180.00000  120.00000    0.29851    0.86235
-180.00000  130.00000    0.16584    0.77944
-180.00000  140.00000    0.16584    0.96186
-180.00000  150.00000    0.43118    1.14428
-180.00000  160.00000    0.29851    1.19403
-180.00000  170.00000    0.16584    1.24378
-170.00000  -30.00000    0.48093    0.77944
-170.00000  -20.00000    0.34826    0.56385
-170.00000  -10.00000    0.34826    0.61360
-170.00000    0.00000    0.34826    0.66335
-170.00000   10.00000    0.21559    0.58043
-170.00000   20.00000    0.34826    0.49751
-170.00000   30.00000    0.34826    0.41459
-170.00000   40.00000    0.34826    0.59701
-170.00000   50.00000    0.21559    0.51410
-170.00000   60.00000    0.21559    0.43118
-170.00000   70.00000    0.21559    0.48093
-170.00000   80.00000    0.34826    0.66335
-170.00000   90.00000    0.34826    0.58043
-170.00000  100.00000    0.34826    0.63018
-170.00000  110.00000    0.34826    0.67993
-170.00000  120.00000    0.48093    0.86235
-170.00000  130.00000    0.34826    1.04478
-170.00000  140.00000    0.48093    0.96186
-170.00000  150.00000    0.48093    1.01161
-170.00000  160.00000    0.34826    1.06136
-170.00000  170.00000    0.21559    1.37645
-160.00000  -30.00000    0.26534    0.77944
-160.00000  -20.00000    0.26534    0.56385
-160.00000  -10.00000    0.26534    0.74627
-160.00000    0.00000    0.26534    0.53068
-160.00000   10.00000    0.39801    0.44776
-160.00000   20.00000    0.39801    0.63018
-160.00000   30.00000    0.26534    0.41459
-160.00000   40.00000    0.26534    0.46434
-160.00000   50.00000    0.39801    0.51410
-160.00000   60.00000    0.39801    0.56385
-160.00000   70.00000    0.26534    0.48093
-160.00000   80.00000    0.39801    0.66335
-160.00000   90.00000    0.26534    0.58043
-160.00000  100.00000    0.26534    0.63018
-160.00000  110.00000    0.26534    0.67993
-160.00000  120.00000    0.39801    0.72968
-160.00000  130.00000    0.39801    0.77944
-160.00000  140.00000    0.26534    0.96186
-160.00000  150.00000    0.39801    1.01161
-160.00000  160.00000    0.39801    1.19403
-160.00000  170.00000    0.39801    1.24378
-150.00000  -30.00000    0.31509    0.77944
-150.00000  -20.00000    0.31509    0.56385
-150.00000  -10.00000    0.31509    0.74627
-150.00000    0.00000    0.18242    0.66335
-150.00000   10.00000    0.31509    0.58043
-150.00000   20.00000    0.31509    0.36484
-150.00000   30.00000    0.31509    0.54726
-150.00000   40.00000    0.31509    0.46434
-150.00000   50.00000    0.44776    0.38143
-150.00000   60.00000    0.31509    0.43118
-150.00000   70.00000    0.44776    0.48093
-150.00000   80.00000    0.44776    0.53068
-150.00000   90.00000    0.31509    0.44776
-150.00000  100.00000    0.31509    0.63018
-150.00000  110.00000    0.44776    0.67993
-150.00000  120.00000    0.44776    0.86235
-150.00000  130.00000    0.44776    0.77944
-150.00000  140.00000    0.31509    0.82919
-150.00000  150.00000    0.31509    1.01161
-150.00000  160.00000    0.44776    1.19403
-150.00000  170.00000    0.44776    1.11111
-140.00000  -30.00000    0.09950    0.77944
-140.00000  -20.00000    0.23217    0.82919
-140.00000  -10.00000    0.23217    0.61360
-140.00000    0.00000    0.23217    0.66335
-140.00000   10.00000    0.23217    0.58043
-140.00000   20.00000    0.23217    0.49751
-140.00000   30.00000    0.36484    0.54726
-140.00000   40.00000    0.36484    0.46434
-140.00000   50.00000    0.36484    0.51410
-140.00000   60.00000    0.36484    0.43118
-140.00000   70.00000    0.36484    0.48093
-140.00000   80.00000    0.36484    0.53068
-140.00000   90.00000    0.36484    0.44776
-140.00000  100.00000    0.36484    0.63018
-140.00000  110.00000    0.36484    0.67993
-140.00000  120.00000    0.36484    0.72968
-140.00000  130.00000    0.36484    0.77944
-140.00000  140.00000    0.49751    0.82919
-140.00000  150.00000    0.36484    0.87894
-140.00000  160.00000    0.36484    1.06136
-140.00000  170.00000    0.49751    1.11111
-130.00000  -30.00000    0.01658    0.91211
-130.00000  -20.00000    0.14925    0.69652
-130.00000  -10.00000    0.28192    0.74627
-130.00000    0.00000    0.28192    0.66335
-130.00000   10.00000    0.28192    0.58043
-130.00000   20.00000    0.28192    0.49751
-130.00000   30.00000    0.28192    0.54726
-130.00000   40.00000    0.14925    0.72968
-130.00000   50.00000    0.41459    0.38143
-130.00000   60.00000    0.28192    0.43118
-130.00000   70.00000    0.28192    0.48093
-130.00000   80.00000    0.28192    0.53068
-130.00000   90.00000    0.41459    0.44776
-130.00000  100.00000    0.41459    0.63018
-130.00000  110.00000    0.41459    0.67993
-130.00000  120.00000    0.54726    0.72968
-130.00000  130.00000    0.41459    0.91211
-130.00000  140.00000    0.41459    0.96186
-130.00000  150.00000    0.41459    1.01161
-130.00000  160.00000    0.41459    0.92869
-130.00000  170.00000    0.28192    1.11111
-120.00000  -30.00000    0.06633    0.91211
-120.00000  -20.00000    0.06633    0.69652
-120.00000  -10.00000    0.06633    0.74627
-120.00000    0.00000    0.19900    0.66335
-120.00000   10.00000    0.19900    0.58043
-120.00000   20.00000    0.19900    0.49751
-120.00000   30.00000    0.19900    0.54726
-120.00000   40.00000    0.19900    0.46434
-120.00000   50.00000    0.33167    0.51410
-120.00000   60.00000    0.33167    0.56385
-120.00000   70.00000    0.33167    0.34826
-120.00000   80.00000    0.33167    0.39801
-120.00000   90.00000    0.33167    0.58043
-120.00000  100.00000    0.33167    0.63018
-120.00000  110.00000    0.46434    0.67993
-120.00000  120.00000    0.46434    0.59701
-120.00000  130.00000    0.33167    0.64677
-120.00000  140.00000    0.46434    0.82919
-120.00000  150.00000    0.46434    0.87894
-120.00000  160.00000    0.46434    1.06136
-120.00000  170.00000    0.72968    1.11111
-110.00000  -30.00000    0.24876    0.91211
-110.00000  -20.00000   -0.01658    0.56385
-110.00000  -10.00000    0.11609    0.61360
-110.00000    0.00000    0.11609    0.53068
-110.00000   10.00000    0.11609    0.44776
-110.00000   20.00000    0.24876    0.49751
-110.00000   30.00000    0.24876    0.41459
-110.00000   40.00000    0.11609    0.33167
-110.00000   50.00000    0.24876    0.51410
-110.00000   60.00000    0.24876    0.56385
-110.00000   70.00000    0.24876    0.21559
-110.00000   80.00000    0.38143    0.53068
-110.00000   90.00000    0.38143    0.58043
-110.00000  100.00000    0.38143    0.63018
-110.00000  110.00000    0.24876    0.54726
-110.00000  120.00000    0.38143    0.46434
-110.00000  130.00000    0.51410    0.77944
-110.00000  140.00000    0.51410    0.69652
-110.00000  150.00000    0.51410    0.74627
-110.00000  160.00000    0.51410    0.92869
-110.00000  170.00000    0.51410    1.11111
-100.00000  -30.00000   -0.09950    0.91211
-100.00000  -20.00000    0.03317    0.69652
-100.00000  -10.00000    0.03317    0.74627
-100.00000    0.00000   -0.09950    0.66335
-100.00000   10.00000    0.03317    0.58043
-100.00000   20.00000    0.16584    0.63018
-100.00000   30.00000    0.03317    0.67993
-100.00000   40.00000    0.29851    0.59701
-100.00000   50.00000    0.03317    0.64677
-100.00000   60.00000    0.16584    0.56385
-100.00000   70.00000    0.29851    0.61360
-100.00000   80.00000    0.29851    0.66335
-100.00000   90.00000    0.29851    0.71310
-100.00000  100.00000    0.43118    0.76285
-100.00000  110.00000    0.43118    0.94527
-100.00000  120.00000    0.43118    0.72968
-100.00000  130.00000    0.43118    0.77944
-100.00000  140.00000    0.43118    0.96186
-100.00000  150.00000    0.43118    1.14428
-100.00000  160.00000    0.56385    1.19403
-100.00000  170.00000    0.56385    1.24378
 -90.00000  -30.00000   -0.18242    0.91211
 -90.00000  -20.00000    0.08292    0.69652
 -90.00000  -10.00000   -0.04975    0.74627
 -90.00000    0.00000    0.08292    0.66335
 -90.00000   10.00000    0.08292    0.71310
 -90.00000   20.00000    0.08292    0.63018
 -90.00000   30.00000    0.08292    0.54726
 -90.00000   40.00000    0.21559    0.46434
 -90.00000   50.00000    0.21559    0.64677
 -90.00000   60.00000    0.08292    0.56385
 -90.00000   70.00000    0.21559    0.61360
 -90.00000   80.00000    0.34826    0.53068
 -90.00000   90.00000    0.34826    0.71310
 -90.00000  100.00000    0.34826    0.76285
 -90.00000  110.00000    0.34826    1.07794
 -90.00000  120.00000    0.34826    0.99502
 -90.00000  130.00000    0.48093    0.77944
 -90.00000  140.00000    0.48093    0.96186
 -90.00000  150.00000    0.48093    1.14428
 -90.00000  160.00000    0.61360    1.19403
 -90.00000  170.00000    0.61360    1.11111
 -80.00000  -30.00000   -0.00000    0.51410
 -80.00000  -20.00000    0.13267    0.56385
 -80.00000  -10.00000   -0.13267    0.48093
 -80.00000    0.00000   -0.13267    0.53068
 -80.00000   10.00000    0.13267    0.44776
 -80.00000   20.00000    0.13267    0.36484
 -80.00000   30.00000    0.13267    0.41459
 -80.00000   40.00000    0.26534    0.46434
 -80.00000   50.00000    0.39801    0.38143
 -80.00000   60.00000    0.26534    0.43118
 -80.00000   70.00000    0.26534    0.34826
 -80.00000   80.00000    0.26534    0.39801
 -80.00000   90.00000    0.26534    0.58043
 -80.00000  100.00000    0.39801    0.63018
 -80.00000  110.00000    0.53068    0.67993
 -80.00000  120.00000    0.39801    0.72968
 -80.00000  130.00000    0.53068    0.64677
 -80.00000  140.00000    0.53068    0.69652
 -80.00000  150.00000    0.66335    1.01161
 -80.00000  160.00000    0.53068    0.92869
 -80.00000  170.00000    0.66335    1.11111
 -70.00000  -30.00000   -0.08292    0.64677
 -70.00000  -20.00000    0.04975    0.56385
 -70.00000  -10.00000    0.04975    0.34826
 -70.00000    0.00000    0.04975    0.39801
 -70.00000   10.00000    0.04975    0.31509
 -70.00000   20.00000    0.18242    0.36484
 -70.00000   30.00000    0.18242    0.41459
 -70.00000   40.00000    0.18242    0.46434
 -70.00000   50.00000    0.18242    0.51410
 -70.00000   60.00000    0.18242    0.29851
 -70.00000   70.00000    0.31509    0.48093
 -70.00000   80.00000    0.58043    0.39801
 -70.00000   90.00000    0.44776    0.58043
 -70.00000  100.00000    0.44776    0.63018
 -70.00000  110.00000    0.44776    0.54726
 -70.00000  120.00000    0.44776    0.72968
 -70.00000  130.00000    0.58043    0.64677
 -70.00000  140.00000    0.44776    0.69652
 -70.00000  150.00000    0.58043    1.01161
 -70.00000  160.00000    0.58043    0.92869
 -70.00000  170.00000    0.58043    1.11111
 -60.00000  -30.00000   -0.03317    0.51410
 -60.00000  -20.00000   -0.03317    0.43118
 -60.00000  -10.00000   -0.03317    0.34826
 -60.00000    0.00000    0.09950    0.39801
 -60.00000   10.00000    0.09950    0.44776
 -60.00000   20.00000   -0.03317    0.36484
 -60.00000   30.00000    0.09950    0.28192
 -60.00000   40.00000    0.09950    0.33167
 -60.00000   50.00000    0.09950    0.24876
 -60.00000   60.00000    0.23217    0.43118
 -60.00000   70.00000    0.36484    0.34826
 -60.00000   80.00000    0.36484    0.26534
 -60.00000   90.00000    0.36484    0.44776
 -60.00000  100.00000    0.63018    0.49751
 -60.00000  110.00000    0.49751    0.54726
 -60.00000  120.00000    0.36484    0.59701
 -60.00000  130.00000    0.63018    0.64677
 -60.00000  140.00000    0.49751    0.82919
 -60.00000  150.00000    0.49751    0.87894
 -60.00000  160.00000    0.76285    0.92869
 -60.00000  170.00000    0.89552    1.11111
 -50.00000  -30.00000   -0.24876    0.38143
 -50.00000  -20.00000   -0.11609    0.43118
 -50.00000  -10.00000    0.01658    0.34826
 -50.00000    0.00000    0.01658    0.26534
 -50.00000   10.00000    0.01658    0.31509
 -50.00000   20.00000    0.01658    0.36484
 -50.00000   30.00000    0.14925    0.28192
 -50.00000   40.00000    0.14925    0.33167
 -50.00000   50.00000    0.14925    0.24876
 -50.00000   60.00000    0.28192    0.29851
 -50.00000   70.00000    0.28192    0.21559
 -50.00000   80.00000    0.41459    0.26534
 -50.00000   90.00000    0.41459    0.44776
 -50.00000  100.00000    0.41459    0.49751
 -50.00000  110.00000    0.54726    0.41459
 -50.00000  120.00000    0.54726    0.59701
 -50.00000  130.00000    0.54726    0.64677
 -50.00000  140.00000    0.67993    0.56385
 -50.00000  150.00000    0.54726    0.74627
 -50.00000  160.00000    0.67993    0.92869
 -50.00000  170.00000    0.81260    0.97844
 -40.00000  -30.00000   -0.19900    0.51410
 -40.00000  -20.00000   -0.19900    0.43118
 -40.00000  -10.00000   -0.06633    0.34826
 -40.00000    0.00000   -0.19900    0.26534
 -40.00000   10.00000   -0.06633    0.31509
 -40.00000   20.00000    0.06633    0.23217
 -40.00000   30.00000    0.19900    0.14925
 -40.00000   40.00000    0.19900    0.33167
 -40.00000   50.00000    0.33167    0.38143
 -40.00000   60.00000    0.33167    0.29851
 -40.00000   70.00000    0.33167    0.34826
 -40.00000   80.00000    0.19900    0.39801
 -40.00000   90.00000    0.33167    0.31509
 -40.00000  100.00000    0.59701    0.49751
 -40.00000  110.00000    0.59701    0.41459
 -40.00000  120.00000    0.59701    0.46434
 -40.00000  130.00000    0.59701    0.64677
 -40.00000  140.00000    0.59701    0.56385
 -40.00000  150.00000    0.72968    0.74627
 -40.00000  160.00000    0.72968    0.79602
 -40.00000  170.00000    0.72968    0.84577
 -30.00000  -30.00000   -0.28192    0.24876
 -30.00000  -20.00000   -0.14925    0.43118
 -30.00000  -10.00000   -0.14925    0.34826
 -30.00000    0.00000   -0.14925    0.39801
 -30.00000   10.00000   -0.01658    0.18242
 -30.00000   20.00000   -0.01658    0.09950
 -30.00000   30.00000    0.11609    0.28192
 -30.00000   40.00000    0.11609    0.19900
 -30.00000   50.00000    0.24876    0.24876
 -30.00000   60.00000    0.38143    0.16584
 -30.00000   70.00000    0.24876    0.21559
 -30.00000   80.00000    0.38143    0.26534
 -30.00000   90.00000    0.38143    0.31509
 -30.00000  100.00000    0.38143    0.36484
 -30.00000  110.00000    0.51410    0.41459
 -30.00000  120.00000    0.64677    0.46434
 -30.00000  130.00000    0.64677    0.51410
 -30.00000  140.00000    0.77944    0.43118
 -30.00000  150.00000    0.77944    0.61360
 -30.00000  160.00000    0.77944    0.79602
 -30.00000  170.00000    0.91211    0.84577
 -20.00000  -30.00000   -0.23217    0.38143
 -20.00000  -20.00000   -0.23217    0.29851
 -20.00000  -10.00000   -0.09950    0.34826
 -20.00000    0.00000   -0.09950    0.13267
 -20.00000   10.00000   -0.09950    0.44776
 -20.00000   20.00000   -0.09950    0.09950
 -20.00000   30.00000    0.03317    0.01658
 -20.00000   40.00000    0.16584    0.19900
 -20.00000   50.00000    0.16584    0.11609
 -20.00000   60.00000    0.29851    0.16584
 -20.00000   70.00000    0.29851    0.21559
 -20.00000   80.00000    0.43118    0.26534
 -20.00000   90.00000    0.43118    0.31509
 -20.00000  100.00000    0.56385    0.36484
 -20.00000  110.00000    0.56385    0.41459
 -20.00000  120.00000    0.56385    0.33167
 -20.00000  130.00000    0.56385    0.38143
 -20.00000  140.00000    0.69652    0.43118
 -20.00000  150.00000    0.82919    0.61360
 -20.00000  160.00000    0.96186    0.79602
 -20.00000  170.00000    0.82919    0.84577
 -10.00000  -30.00000   -0.18242    0.11609
 -10.00000  -20.00000   -0.18242    0.03317
 -10.00000  -10.00000   -0.18242    0.08292
 -10.00000    0.00000   -0.04975    0.13267
 -10.00000   10.00000    0.08292    0.04975
 -10.00000   20.00000   -0.04975   -0.03317
 -10.00000   30.00000    0.08292    0.14925
 -10.00000   40.00000    0.21559    0.06633
 -10.00000   50.00000    0.21559    0.11609
 -10.00000   60.00000    0.34826    0.03317
 -10.00000   70.00000    0.34826    0.21559
 -10.00000   80.00000    0.48093    0.13267
 -10.00000   90.00000    0.61360    0.18242
 -10.00000  100.00000    0.48093    0.23217
 -10.00000  110.00000    0.61360    0.28192
 -10.00000  120.00000    0.74627    0.33167
 -10.00000  130.00000    0.74627    0.51410
 -10.00000  140.00000    0.87894    0.43118
 -10.00000  150.00000    0.74627    0.74627
 -10.00000  160.00000    0.87894    0.66335
 -10.00000  170.00000    0.74627    0.71310
   0.00000  -30.00000   -0.13267   -0.01658
   0.00000  -20.00000   -0.13267    0.03317
   0.00000  -10.00000    0.00000   -0.04975
   0.00000    0.00000    0.00000    0.00000
   0.00000   10.00000    0.00000   -0.08292
   0.00000   20.00000    0.13267   -0.03317
   0.00000   30.00000    0.13267    0.01658
   0.00000   40.00000    0.26534    0.06633
   0.00000   50.00000    0.26534   -0.01658
   0.00000   60.00000    0.26534    0.03317
   0.00000   70.00000    0.39801    0.08292
   0.00000   80.00000    0.53068    0.26534
   0.00000   90.00000    0.53068    0.18242
   0.00000  100.00000    0.53068    0.23217
   0.00000  110.00000    0.66335    0.28192
   0.00000  120.00000    0.66335    0.33167
   0.00000  130.00000    0.66335    0.38143
   0.00000  140.00000    0.79602    0.43118
   0.00000  150.00000    0.79602    0.61360
   0.00000  160.00000    0.79602    0.66335
   0.00000  170.00000    0.92869    0.71310
  10.00000  -30.00000   -0.21559   -0.01658
  10.00000  -20.00000   -0.08292    0.03317
  10.00000  -10.00000    0.04975   -0.04975
  10.00000    0.00000    0.04975   -0.13267
  10.00000   10.00000    0.04975   -0.08292
  10.00000   20.00000    0.18242   -0.16584
  10.00000   30.00000    0.18242   -0.11609
  10.00000   40.00000    0.31509   -0.06633
  10.00000   50.00000    0.31509   -0.14925
  10.00000   60.00000    0.31509   -0.09950
  10.00000   70.00000    0.31509   -0.04975
  10.00000   80.00000    0.44776    0.00000
  10.00000   90.00000    0.58043    0.04975
  10.00000  100.00000    0.58043    0.09950
  10.00000  110.00000    0.71310    0.28192
  10.00000  120.00000    0.71310    0.19900
  10.00000  130.00000    0.71310    0.24876
  10.00000  140.00000    0.71310    0.29851
  10.00000  150.00000    0.84577    0.48093
  10.00000  160.00000    0.97844    0.66335
  10.00000  170.00000    0.97844    0.71310
  20.00000  -30.00000   -0.16584   -0.14925
  20.00000  -20.00000   -0.16584   -0.09950
  20.00000  -10.00000   -0.03317   -0.18242
  20.00000    0.00000   -0.03317   -0.13267
  20.00000   10.00000    0.09950   -0.08292
  20.00000   20.00000    0.09950   -0.29851
  20.00000   30.00000    0.23217   -0.11609
  20.00000   40.00000    0.23217   -0.06633
  20.00000   50.00000    0.36484   -0.14925
  20.00000   60.00000    0.36484   -0.09950
  20.00000   70.00000    0.49751   -0.04975
  20.00000   80.00000    0.49751    0.00000
  20.00000   90.00000    0.49751    0.04975
  20.00000  100.00000    0.76285   -0.03317
  20.00000  110.00000    0.63018    0.14925
  20.00000  120.00000    0.63018    0.06633
  20.00000  130.00000    0.76285    0.11609
  20.00000  140.00000    0.76285    0.29851
  20.00000  150.00000    1.02819    0.48093
  20.00000  160.00000    1.02819    0.39801
  20.00000  170.00000    1.02819    0.58043
  30.00000  -30.00000   -0.11609   -0.14925
  30.00000  -20.00000   -0.11609   -0.09950
  30.00000  -10.00000    0.01658   -0.18242
  30.00000    0.00000    0.01658   -0.26534
  30.00000   10.00000    0.14925   -0.08292
  30.00000   20.00000    0.14925   -0.29851
  30.00000   30.00000    0.14925   -0.11609
  30.00000   40.00000    0.28192   -0.19900
  30.00000   50.00000    0.28192   -0.14925
  30.00000   60.00000    0.28192   -0.09950
  30.00000   70.00000    0.41459   -0.18242
  30.00000   80.00000    0.54726   -0.13267
  30.00000   90.00000    0.54726   -0.08292
  30.00000  100.00000    0.67993   -0.03317
  30.00000  110.00000    0.67993    0.01658
  30.00000  120.00000    0.81260    0.06633
  30.00000  130.00000    1.07794    0.11609
  30.00000  140.00000    0.81260    0.16584
  30.00000  150.00000    1.07794    0.21559
  30.00000  160.00000    1.07794    0.26534
  30.00000  170.00000    1.07794    0.44776
  40.00000  -30.00000   -0.33167   -0.14925
  40.00000  -20.00000   -0.19900   -0.23217
  40.00000  -10.00000   -0.06633   -0.31509
  40.00000    0.00000    0.06633   -0.26534
  40.00000   10.00000    0.06633   -0.21559
  40.00000   20.00000    0.06633   -0.29851
  40.00000   30.00000    0.19900   -0.24876
  40.00000   40.00000    0.19900   -0.19900
  40.00000   50.00000    0.33167   -0.28192
  40.00000   60.00000    0.33167   -0.23217
  40.00000   70.00000    0.46434   -0.18242
  40.00000   80.00000    0.59701   -0.13267
  40.00000   90.00000    0.59701   -0.08292
  40.00000  100.00000    0.59701   -0.16584
  40.00000  110.00000    0.72968   -0.11609
  40.00000  120.00000    0.72968   -0.06633
  40.00000  130.00000    0.86235    0.11609
  40.00000  140.00000    0.99502    0.03317
  40.00000  150.00000    0.86235    0.21559
  40.00000  160.00000    0.99502    0.26534
  40.00000  170.00000    0.99502    0.44776
  50.00000  -30.00000   -0.28192   -0.28192
  50.00000  -20.00000   -0.14925   -0.23217
  50.00000  -10.00000   -0.14925   -0.31509
  50.00000    0.00000   -0.01658   -0.39801
  50.00000   10.00000   -0.01658   -0.34826
  50.00000   20.00000    0.11609   -0.29851
  50.00000   30.00000    0.24876   -0.24876
  50.00000   40.00000    0.24876   -0.19900
  50.00000   50.00000    0.24876   -0.41459
  50.00000   60.00000    0.38143   -0.36484
  50.00000   70.00000    0.51410   -0.31509
  50.00000   80.00000    0.51410   -0.13267
  50.00000   90.00000    0.64677   -0.08292
  50.00000  100.00000    0.64677   -0.16584
  50.00000  110.00000    0.77944   -0.11609
  50.00000  120.00000    0.64677    0.06633
  50.00000  130.00000    1.04478   -0.01658
  50.00000  140.00000    1.04478   -0.09950
  50.00000  150.00000    1.04478    0.08292
  50.00000  160.00000    1.04478    0.13267
  50.00000  170.00000    1.17745    0.18242
  60.00000  -30.00000   -0.09950   -0.14925
  60.00000  -20.00000   -0.09950   -0.23217
  60.00000  -10.00000   -0.09950   -0.31509
  60.00000    0.00000    0.03317   -0.39801
  60.00000   10.00000    0.16584   -0.21559
  60.00000   20.00000    0.16584   -0.29851
  60.00000   30.00000    0.16584   -0.38143
  60.00000   40.00000    0.29851   -0.19900
  60.00000   50.00000    0.29851   -0.28192
  60.00000   60.00000    0.29851   -0.36484
  60.00000   70.00000    0.43118   -0.31509
  60.00000   80.00000    0.56385   -0.13267
  60.00000   90.00000    0.43118   -0.08292
  60.00000  100.00000    0.56385   -0.03317
  60.00000  110.00000    0.56385   -0.11609
  60.00000  120.00000    0.69652   -0.06633
  60.00000  130.00000    0.69652   -0.01658
  60.00000  140.00000    0.82919    0.03317
  60.00000  150.00000    0.82919    0.21559
  60.00000  160.00000    0.96186    0.26534
  60.00000  170.00000    0.96186    0.31509
  70.00000  -30.00000   -0.04975   -0.41459
  70.00000  -20.00000   -0.18242   -0.36484
  70.00000  -10.00000   -0.04975   -0.31509
  70.00000    0.00000    0.08292   -0.53068
  70.00000   10.00000    0.08292   -0.48093
  70.00000   20.00000    0.08292   -0.43118
  70.00000   30.00000    0.21559   -0.38143
  70.00000   40.00000    0.21559   -0.33167
  70.00000   50.00000    0.21559   -0.41459
  70.00000   60.00000    0.34826   -0.49751
  70.00000   70.00000    0.34826   -0.31509
  70.00000   80.00000    0.48093   -0.26534
  70.00000   90.00000    0.48093   -0.34826
  70.00000  100.00000    0.61360   -0.16584
  70.00000  110.00000    0.61360   -0.11609
  70.00000  120.00000    0.74627   -0.06633
  70.00000  130.00000    0.87894   -0.01658
  70.00000  140.00000    0.87894    0.03317
  70.00000  150.00000    0.87894    0.08292
  70.00000  160.00000    0.87894    0.13267
  70.00000  170.00000    0.87894    0.18242
  80.00000  -30.00000   -0.26534   -0.41459
  80.00000  -20.00000   -0.13267   -0.49751
  80.00000  -10.00000   -0.13267   -0.44776
  80.00000    0.00000    0.00000   -0.39801
  80.00000   10.00000    0.13267   -0.48093
  80.00000   20.00000    0.13267   -0.56385
  80.00000   30.00000    0.13267   -0.51410
  80.00000   40.00000    0.26534   -0.59701
  80.00000   50.00000    0.26534   -0.28192
  80.00000   60.00000    0.39801   -0.49751
  80.00000   70.00000    0.39801   -0.44776
  80.00000   80.00000    0.53068   -0.39801
  80.00000   90.00000    0.53068   -0.34826
  80.00000  100.00000    0.66335   -0.29851
  80.00000  110.00000    0.66335   -0.24876
  80.00000  120.00000    0.66335   -0.19900
  80.00000  130.00000    0.79602   -0.14925
  80.00000  140.00000    0.92869   -0.09950
  80.00000  150.00000    0.79602   -0.04975
  80.00000  160.00000    0.92869    0.13267
  80.00000  170.00000    1.06136    0.18242
  90.00000  -30.00000   -0.08292   -0.41459
  90.00000  -20.00000   -0.08292   -0.63018
  90.00000  -10.00000   -0.08292   -0.58043
  90.00000    0.00000    0.04975   -0.39801
  90.00000   10.00000    0.04975   -0.61360
  90.00000   20.00000    0.18242   -0.56385
  90.00000   30.00000    0.18242   -0.64677
  90.00000   40.00000    0.31509   -0.59701
  90.00000   50.00000    0.18242   -0.54726
  90.00000   60.00000    0.31509   -0.63018
  90.00000   70.00000    0.58043   -0.58043
  90.00000   80.00000    0.44776   -0.39801
  90.00000   90.00000    0.58043   -0.34826
  90.00000  100.00000    0.71310   -0.43118
  90.00000  110.00000    0.71310   -0.38143
  90.00000  120.00000    0.84577   -0.19900
  90.00000  130.00000    0.84577   -0.14925
  90.00000  140.00000    0.97844   -0.23217
  90.00000  150.00000    0.97844   -0.04975
  90.00000  160.00000    1.11111    0.00000
  90.00000  170.00000    1.11111    0.04975
 100.00000  -30.00000   -0.16584   -0.41459
 100.00000  -20.00000   -0.16584   -0.63018
 100.00000  -10.00000   -0.16584   -0.58043
 100.00000    0.00000    0.09950   -0.53068
 100.00000   10.00000    0.09950   -0.74627
 100.00000   20.00000    0.09950   -0.56385
 100.00000   30.00000    0.09950   -0.64677
 100.00000   40.00000    0.09950   -0.59701
 100.00000   50.00000    0.23217   -0.54726
 100.00000   60.00000    0.36484   -0.63018
 100.00000   70.00000    0.36484   -0.58043
 100.00000   80.00000    0.63018   -0.53068
 100.00000   90.00000    0.63018   -0.48093
 100.00000  100.00000    0.63018   -0.43118
 100.00000  110.00000    0.76285   -0.51410
 100.00000  120.00000    0.76285   -0.33167
 100.00000  130.00000    0.89552   -0.28192
 100.00000  140.00000    0.89552   -0.23217
 100.00000  150.00000    1.02819   -0.18242
 100.00000  160.00000    1.02819   -0.13267
 100.00000  170.00000    1.16086    0.04975
 110.00000  -30.00000   -0.24876   -0.67993
 110.00000  -20.00000   -0.24876   -0.63018
 110.00000  -10.00000   -0.24876   -0.84577
 110.00000    0.00000   -0.11609   -0.79602
 110.00000   10.00000    0.01658   -0.61360
 110.00000   20.00000    0.14925   -0.82919
 110.00000   30.00000    0.14925   -0.64677
 110.00000   40.00000    0.28192   -0.72968
 110.00000   50.00000    0.28192   -0.67993
 110.00000   60.00000    0.41459   -0.76285
 110.00000   70.00000    0.54726   -0.71310
 110.00000   80.00000    0.54726   -0.66335
 110.00000   90.00000    0.67993   -0.48093
 110.00000  100.00000    0.67993   -0.56385
 110.00000  110.00000    0.67993   -0.51410
 110.00000  120.00000    0.81260   -0.46434
 110.00000  130.00000    0.81260   -0.41459
 110.00000  140.00000    0.94527   -0.36484
 110.00000  150.00000    1.07794   -0.31509
 110.00000  160.00000    1.34328   -0.26534
 110.00000  170.00000    1.21061   -0.08292
 120.00000  -30.00000   -0.19900   -0.67993
 120.00000  -20.00000   -0.19900   -0.63018
 120.00000  -10.00000   -0.19900   -0.71310
 120.00000    0.00000   -0.06633   -0.79602
 120.00000   10.00000   -0.06633   -0.87894
 120.00000   20.00000    0.06633   -0.82919
 120.00000   30.00000    0.19900   -0.91211
 120.00000   40.00000    0.33167   -0.86235
 120.00000   50.00000    0.33167   -0.67993
 120.00000   60.00000    0.46434   -0.76285
 120.00000   70.00000    0.46434   -0.84577
 120.00000   80.00000    0.46434   -0.66335
 120.00000   90.00000    0.59701   -0.61360
 120.00000  100.00000    0.86235   -0.69652
 120.00000  110.00000    0.72968   -0.51410
 120.00000  120.00000    0.86235   -0.59701
 120.00000  130.00000    0.99502   -0.54726
 120.00000  140.00000    0.99502   -0.49751
 120.00000  150.00000    1.12769   -0.31509
 120.00000  160.00000    1.26036   -0.26534
 120.00000  170.00000    1.26036   -0.21559
 130.00000  -30.00000   -0.28192   -0.67993
 130.00000  -20.00000   -0.14925   -0.76285
 130.00000  -10.00000   -0.14925   -0.84577
 130.00000    0.00000   -0.01658   -0.79602
 130.00000   10.00000    0.24876   -0.87894
 130.00000   20.00000    0.11609   -0.82919
 130.00000   30.00000    0.11609   -0.77944
 130.00000   40.00000    0.24876   -0.86235
 130.00000   50.00000    0.38143   -0.94527
 130.00000   60.00000    0.38143   -0.89552
 130.00000   70.00000    0.51410   -0.97844
 130.00000   80.00000    0.51410   -0.79602
 130.00000   90.00000    0.64677   -0.74627
 130.00000  100.00000    0.77944   -0.69652
 130.00000  110.00000    0.77944   -0.64677
 130.00000  120.00000    0.77944   -0.59701
 130.00000  130.00000    1.17745   -0.54726
 130.00000  140.00000    1.04478   -0.49751
 130.00000  150.00000    1.04478   -0.44776
 130.00000  160.00000    1.31012   -0.39801
 130.00000  170.00000    1.44279   -0.21559
 140.00000  -30.00000   -0.09950   -0.81260
 140.00000  -20.00000   -0.09950   -0.89552
 140.00000  -10.00000   -0.09950   -0.84577
 140.00000    0.00000    0.03317   -0.92869
 140.00000   10.00000    0.16584   -1.01161
 140.00000   20.00000    0.03317   -0.96186
 140.00000   30.00000    0.43118   -1.04478
 140.00000   40.00000    0.43118   -1.12769
 140.00000   50.00000    0.16584   -0.94527
 140.00000   60.00000    0.43118   -0.89552
 140.00000   70.00000    0.56385   -0.97844
 140.00000   80.00000    0.56385   -0.92869
 140.00000   90.00000    0.56385   -0.87894
 140.00000  100.00000    0.69652   -0.82919
 140.00000  110.00000    0.82919   -0.77944
 140.00000  120.00000    0.82919   -0.72968
 140.00000  130.00000    0.96186   -0.67993
 140.00000  140.00000    0.96186   -0.63018
 140.00000  150.00000    1.22720   -0.44776
 140.00000  160.00000    1.22720   -0.39801
 140.00000  170.00000    1.35987   -0.34826
 150.00000  -30.00000   -0.18242   -0.94527
 150.00000  -20.00000   -0.04975   -1.02819
 150.00000  -10.00000   -0.04975   -0.97844
 150.00000    0.00000    0.08292   -1.06136
 150.00000   10.00000    0.21559   -1.14428
 150.00000   20.00000    0.21559   -1.09453
 150.00000   30.00000    0.21559   -1.04478
 150.00000   40.00000    0.34826   -1.12769
 150.00000   50.00000    0.48093   -0.94527
 150.00000   60.00000    0.48093   -0.89552
 150.00000   70.00000    0.48093   -0.97844
 150.00000   80.00000    0.61360   -1.06136
 150.00000   90.00000    0.74627   -0.87894
 150.00000  100.00000    0.74627   -0.82919
 150.00000  110.00000    0.87894   -0.77944
 150.00000  120.00000    0.87894   -0.86235
 150.00000  130.00000    0.87894   -0.67993
 150.00000  140.00000    1.01161   -0.49751
 150.00000  150.00000    1.14428   -0.58043
 150.00000  160.00000    1.14428   -0.39801
 150.00000  170.00000    1.27695   -0.48093
 160.00000  -30.00000   -0.13267   -1.07794
 160.00000  -20.00000   -0.13267   -1.02819
 160.00000  -10.00000   -0.00000   -1.24378
 160.00000    0.00000   -0.00000   -1.19403
 160.00000   10.00000    0.13267   -1.14428
 160.00000   20.00000    0.13267   -1.22720
 160.00000   30.00000    0.26534   -1.17745
 160.00000   40.00000    0.39801   -1.26036
 160.00000   50.00000    0.53068   -1.07794
 160.00000   60.00000    0.39801   -1.02819
 160.00000   70.00000    0.53068   -1.11111
 160.00000   80.00000    0.66335   -1.06136
 160.00000   90.00000    0.66335   -1.14428
 160.00000  100.00000    0.79602   -0.96186
 160.00000  110.00000    0.79602   -1.04478
 160.00000  120.00000    0.92869   -0.86235
 160.00000  130.00000    0.92869   -0.81260
 160.00000  140.00000    0.92869   -0.63018
 160.00000  150.00000    1.19403   -0.71310
 160.00000  160.00000    1.19403   -0.53068
 160.00000  170.00000    1.32670   -0.34826
 170.00000  -30.00000   -0.08292   -1.21061
 170.00000  -20.00000   -0.08292   -1.16086
 170.00000  -10.00000    0.04975   -1.24378
 170.00000    0.00000    0.04975   -1.19403
 170.00000   10.00000    0.18242   -1.27695
 170.00000   20.00000    0.18242   -1.22720
 170.00000   30.00000    0.31509   -1.17745
 170.00000   40.00000    0.58043   -1.26036
 170.00000   50.00000    0.44776   -1.21061
 170.00000   60.00000    0.44776   -1.16086
 170.00000   70.00000    0.58043   -1.24378
 170.00000   80.00000    0.58043   -1.19403
 170.00000   90.00000    0.71310   -1.14428
 170.00000  100.00000    0.84577   -1.09453
 170.00000  110.00000    0.84577   -1.04478
 170.00000  120.00000    0.97844   -0.86235
 170.00000  130.00000    1.11111   -0.94527
 170.00000  140.00000    1.11111   -0.76285
 170.00000  150.00000    1.11111   -0.71310
 170.00000  160.00000    1.50912   -0.66335
 170.00000  170.00000    1.50912   -0.61360
 180.00000  -30.00000   -0.16584   -1.21061
 180.00000  -20.00000   -0.03317   -1.29353
 180.00000  -10.00000   -0.03317   -1.37645
 180.00000    0.00000    0.09950   -1.32670
 180.00000   10.00000    0.09950   -1.27695
 180.00000   20.00000    0.23217   -1.35987
 180.00000   30.00000    0.23217   -1.31012
 180.00000   40.00000    0.23217   -1.26036
 180.00000   50.00000    0.49751   -1.47595
 180.00000   60.00000    0.63018   -1.42620
 180.00000   70.00000    0.49751   -1.24378
 180.00000   80.00000    0.63018   -1.19403
 180.00000   90.00000    0.76285   -1.14428
 180.00000  100.00000    0.76285   -1.09453
 180.00000  110.00000    1.02819   -1.17745
 180.00000  120.00000    1.02819   -0.86235
 180.00000  130.00000    1.02819   -0.94527
 180.00000  140.00000    1.29353   -0.89552
 180.00000  150.00000    1.29353   -0.71310
 180.00000  160.00000    1.29353   -0.66335
 180.00000  170.00000    1.42620   -0.48093
 190.00000  -30.00000    4.79270   17.89386
 190.00000  -20.00000   -0.11609   -1.42620
 190.00000  -10.00000    0.01658   -1.50912
 190.00000    0.00000    0.14925   -1.59204
 190.00000   10.00000    0.14925   -1.54229
 190.00000   20.00000    0.28192   -1.49254
 190.00000   30.00000    0.28192   -1.44279
 190.00000   40.00000    0.41459   -1.39303
 190.00000   50.00000    0.28192   -1.47595
 190.00000   60.00000    0.54726   -1.29353
 190.00000   70.00000    0.67993   -1.37645
 190.00000   80.00000    0.67993   -1.32670
 190.00000   90.00000    0.81260   -1.40962
 190.00000  100.00000    0.94527   -1.22720
 190.00000  110.00000    0.94527   -1.04478
 190.00000  120.00000    1.07794   -0.99502
 190.00000  130.00000    0.94527   -1.07794
 190.00000  140.00000    1.21061   -1.02819
 190.00000  150.00000    1.34328   -0.97844
 190.00000  160.00000    1.47595   -0.79602
 190.00000  170.00000    1.74129   -0.87894
