# x 	 y 	 x_err 	 y_err
   0.00000  -75.00000   -0.29536   -0.37411
   0.00000  -60.00000   -0.29536   -0.20740
   0.00000  -45.00000   -0.16409   -0.04069
   0.00000  -30.00000   -0.29536   -0.00524
   0.00000  -15.00000   -0.16409    0.16147
   0.00000    0.00000    0.09845    0.32818
   0.00000   15.00000    0.22972    0.49489
   0.00000   30.00000    0.36098    0.66160
   0.00000   45.00000    0.36098    0.69704
   0.00000   60.00000    0.36098    0.99502
   0.00000   75.00000    0.49225    1.03046
  15.00000  -75.00000   -0.39118   -0.50538
  15.00000  -60.00000   -0.39118   -0.46993
  15.00000  -45.00000    0.00262   -0.30322
  15.00000  -30.00000   -0.25991   -0.00524
  15.00000  -15.00000   -0.12865    0.16147
  15.00000    0.00000    0.26516    0.32818
  15.00000   15.00000    0.00262    0.49489
  15.00000   30.00000    0.26516    0.66160
  15.00000   45.00000    0.26516    0.82831
  15.00000   60.00000    0.26516    0.86375
  15.00000   75.00000    0.52770    1.16173
  30.00000  -75.00000   -0.22447   -0.50538
  30.00000  -60.00000   -0.22447   -0.20740
  30.00000  -45.00000   -0.09320   -0.30322
  30.00000  -30.00000   -0.22447   -0.00524
  30.00000  -15.00000   -0.22447    0.16147
  30.00000    0.00000    0.03807    0.45944
  30.00000   15.00000    0.03807    0.36362
  30.00000   30.00000    0.16933    0.66160
  30.00000   45.00000    0.30060    0.69704
  30.00000   60.00000    0.43187    0.99502
  30.00000   75.00000    0.30060    1.03046
  45.00000  -75.00000   -0.58283   -0.50538
  45.00000  -60.00000   -0.18903   -0.46993
  45.00000  -45.00000   -0.32030   -0.17195
  45.00000  -30.00000   -0.05776   -0.13651
  45.00000  -15.00000   -0.18903    0.03020
  45.00000    0.00000    0.07351    0.32818
  45.00000   15.00000   -0.05776    0.36362
  45.00000   30.00000   -0.05776    0.66160
  45.00000   45.00000    0.07351    0.69704
  45.00000   60.00000    0.33604    0.86375
  45.00000   75.00000    0.33604    1.03046
  60.00000  -75.00000   -0.28485   -0.50538
  60.00000  -60.00000   -0.28485   -0.46993
  60.00000  -45.00000   -0.15359   -0.30322
  60.00000  -30.00000    0.10895   -0.13651
  60.00000  -15.00000   -0.02232    0.16147
  60.00000    0.00000    0.10895    0.32818
  60.00000   15.00000    0.10895    0.36362
  60.00000   30.00000    0.24022    0.53033
  60.00000   45.00000    0.24022    0.82831
  60.00000   60.00000    0.37149    0.86375
  60.00000   75.00000    0.37149    1.03046
  75.00000  -75.00000   -0.51195   -0.63664
  75.00000  -60.00000   -0.51195   -0.46993
  75.00000  -45.00000   -0.24941   -0.30322
  75.00000  -30.00000   -0.11814   -0.13651
  75.00000  -15.00000    0.01312    0.03020
  75.00000    0.00000    0.01312    0.19691
  75.00000   15.00000    0.14439    0.49489
  75.00000   30.00000    0.14439    0.53033
  75.00000   45.00000    0.27566    0.69704
  75.00000   60.00000    0.40693    0.86375
  75.00000   75.00000    0.53820    1.03046
  90.00000  -75.00000   -0.47651   -0.63664
  90.00000  -60.00000   -0.47651   -0.46993
  90.00000  -45.00000   -0.21397   -0.30322
  90.00000  -30.00000   -0.08270   -0.00524
  90.00000  -15.00000   -0.08270    0.16147
  90.00000    0.00000   -0.21397    0.19691
  90.00000   15.00000    0.04857    0.23235
  90.00000   30.00000    0.31110    0.53033
  90.00000   45.00000    0.17983    0.69704
  90.00000   60.00000    0.31110    0.86375
  90.00000   75.00000    0.31110    0.89919
 105.00000  -75.00000   -0.44106   -0.63664
 105.00000  -60.00000   -0.17853   -0.46993
 105.00000  -45.00000   -0.17853   -0.30322
 105.00000  -30.00000   -0.17853   -0.13651
 105.00000  -15.00000   -0.04726   -0.10107
 105.00000    0.00000   -0.04726    0.19691
 105.00000   15.00000   -0.17853    0.36362
 105.00000   30.00000    0.08401    0.39906
 105.00000   45.00000    0.34655    0.56577
 105.00000   60.00000    0.08401    0.86375
 105.00000   75.00000    0.34655    1.03046
 120.00000  -75.00000   -0.40562   -0.63664
 120.00000  -60.00000   -0.40562   -0.46993
 120.00000  -45.00000   -0.14308   -0.30322
 120.00000  -30.00000   -0.14308   -0.26778
 120.00000  -15.00000   -0.14308   -0.10107
 120.00000    0.00000   -0.01182    0.06564
 120.00000   15.00000   -0.14308    0.36362
 120.00000   30.00000    0.11945    0.53033
 120.00000   45.00000    0.11945    0.69704
 120.00000   60.00000    0.25072    0.73248
 120.00000   75.00000    0.25072    1.03046
 135.00000  -75.00000   -0.37018   -0.63664
 135.00000  -60.00000   -0.23891   -0.46993
 135.00000  -45.00000   -0.23891   -0.30322
 135.00000  -30.00000   -0.10764   -0.26778
 135.00000  -15.00000   -0.23891   -0.10107
 135.00000    0.00000    0.15489    0.06564
 135.00000   15.00000    0.02363    0.23235
 135.00000   30.00000    0.15489    0.53033
 135.00000   45.00000   -0.10764    0.69704
 135.00000   60.00000    0.15489    0.86375
 135.00000   75.00000    0.28616    0.89919
 150.00000  -75.00000   -0.33474   -0.76791
 150.00000  -60.00000   -0.46600   -0.46993
 150.00000  -45.00000   -0.46600   -0.30322
 150.00000  -30.00000   -0.07220   -0.26778
 150.00000  -15.00000   -0.07220   -0.10107
 150.00000    0.00000   -0.07220    0.06564
 150.00000   15.00000    0.05907    0.36362
 150.00000   30.00000   -0.07220    0.39906
 150.00000   45.00000    0.05907    0.56577
 150.00000   60.00000    0.05907    0.73248
 150.00000   75.00000    0.05907    0.89919
 165.00000  -75.00000   -0.29929   -0.76791
 165.00000  -60.00000   -0.29929   -0.46993
 165.00000  -45.00000   -0.29929   -0.43449
 165.00000  -30.00000   -0.43056   -0.13651
 165.00000  -15.00000   -0.03676   -0.10107
 165.00000    0.00000   -0.03676    0.06564
 165.00000   15.00000   -0.03676    0.23235
 165.00000   30.00000   -0.16803    0.39906
 165.00000   45.00000    0.09451    0.56577
 165.00000   60.00000    0.09451    0.73248
 165.00000   75.00000    0.22578    1.03046
 180.00000  -75.00000   -0.26385   -0.63664
 180.00000  -60.00000   -0.13258   -0.33867
 180.00000  -45.00000   -0.26385   -0.30322
 180.00000  -30.00000   -0.26385   -0.26778
 180.00000  -15.00000   -0.00132    0.03020
 180.00000    0.00000   -0.13258    0.06564
 180.00000   15.00000   -0.00132    0.49489
 180.00000   30.00000   -0.00132    0.39906
 180.00000   45.00000    0.12995    0.69704
 180.00000   60.00000    0.26122    0.86375
 180.00000   75.00000   -0.00132    0.89919
 195.00000  -75.00000   -0.35968   -0.63664
 195.00000  -60.00000   -0.09714   -0.46993
 195.00000  -45.00000   -0.49094   -0.17195
 195.00000  -30.00000    0.03413   -0.13651
 195.00000  -15.00000   -0.22841   -0.10107
 195.00000    0.00000   -0.09714    0.19691
 195.00000   15.00000   -0.09714    0.36362
 195.00000   30.00000    0.03413    0.53033
 195.00000   45.00000    0.16540    0.69704
 195.00000   60.00000    0.16540    0.73248
 195.00000   75.00000    0.16540    1.03046
 210.00000  -75.00000   -0.32423   -0.50538
 210.00000  -60.00000   -0.45550   -0.46993
 210.00000  -45.00000   -0.19297   -0.30322
 210.00000  -30.00000   -0.45550   -0.26778
 210.00000  -15.00000   -0.19297    0.03020
 210.00000    0.00000   -0.19297    0.19691
 210.00000   15.00000   -0.06170    0.36362
 210.00000   30.00000   -0.06170    0.53033
 210.00000   45.00000    0.06957    0.69704
 210.00000   60.00000    0.06957    0.86375
 210.00000   75.00000    0.06957    0.89919
 225.00000  -75.00000   -0.55133   -0.50538
 225.00000  -60.00000   -0.28879   -0.60120
 225.00000  -45.00000   -0.28879   -0.30322
 225.00000  -30.00000   -0.28879   -0.13651
 225.00000  -15.00000   -0.15752   -0.10107
 225.00000    0.00000   -0.15752    0.19691
 225.00000   15.00000   -0.15752    0.23235
 225.00000   30.00000   -0.02626    0.53033
 225.00000   45.00000   -0.02626    0.56577
 225.00000   60.00000    0.10501    0.73248
 225.00000   75.00000    0.10501    0.89919
 240.00000  -75.00000   -0.51589   -0.50538
 240.00000  -60.00000   -0.38462   -0.46993
 240.00000  -45.00000   -0.25335   -0.43449
 240.00000  -30.00000   -0.25335   -0.13651
 240.00000  -15.00000   -0.25335   -0.10107
 240.00000    0.00000   -0.12208    0.19691
 240.00000   15.00000   -0.38462    0.23235
 240.00000   30.00000   -0.12208    0.53033
 240.00000   45.00000    0.00919    0.56577
 240.00000   60.00000    0.00919    0.86375
 240.00000   75.00000    0.14045    0.89919
 255.00000  -75.00000   -0.34918   -0.50538
 255.00000  -60.00000   -0.34918   -0.33867
 255.00000  -45.00000   -0.21791   -0.30322
 255.00000  -30.00000   -0.21791   -0.13651
 255.00000  -15.00000   -0.21791    0.03020
 255.00000    0.00000   -0.08664    0.19691
 255.00000   15.00000   -0.08664    0.36362
 255.00000   30.00000   -0.08664    0.53033
 255.00000   45.00000    0.04463    0.56577
 255.00000   60.00000    0.04463    0.86375
 255.00000   75.00000    0.04463    0.89919
 270.00000  -75.00000   -0.44500   -0.50538
 270.00000  -60.00000   -0.57627   -0.46993
 270.00000  -45.00000   -0.31373   -0.30322
 270.00000  -30.00000   -0.18246   -0.26778
 270.00000  -15.00000   -0.18246    0.03020
 270.00000    0.00000   -0.18246    0.19691
 270.00000   15.00000   -0.05120    0.36362
 270.00000   30.00000   -0.05120    0.53033
 270.00000   45.00000   -0.05120    0.69704
 270.00000   60.00000   -0.31373    0.73248
 270.00000   75.00000    0.08007    0.89919
 285.00000  -75.00000   -0.54083   -0.50538
 285.00000  -60.00000   -0.40956   -0.46993
 285.00000  -45.00000   -0.40956   -0.30322
 285.00000  -30.00000   -0.27829   -0.13651
 285.00000  -15.00000   -0.27829    0.03020
 285.00000    0.00000   -0.27829    0.06564
 285.00000   15.00000   -0.14702    0.36362
 285.00000   30.00000   -0.01575    0.53033
 285.00000   45.00000   -0.01575    0.56577
 285.00000   60.00000   -0.27829    0.73248
 285.00000   75.00000    0.11551    0.89919
 300.00000  -75.00000   -0.37412   -0.37411
 300.00000  -60.00000   -0.37412   -0.46993
 300.00000  -45.00000   -0.63665   -0.43449
 300.00000  -30.00000   -0.50538   -0.13651
 300.00000  -15.00000   -0.11158    0.03020
 300.00000    0.00000   -0.24285    0.19691
 300.00000   15.00000   -0.11158    0.23235
 300.00000   30.00000   -0.11158    0.53033
 300.00000   45.00000    0.01969    0.56577
 300.00000   60.00000    0.01969    0.86375
 300.00000   75.00000   -0.24285    0.89919
 315.00000  -75.00000   -0.46994   -0.50538
 315.00000  -60.00000   -0.33867   -0.46993
 315.00000  -45.00000   -0.33867   -0.30322
 315.00000  -30.00000   -0.20741   -0.13651
 315.00000  -15.00000   -0.20741    0.03020
 315.00000    0.00000   -0.20741    0.19691
 315.00000   15.00000   -0.07614    0.36362
 315.00000   30.00000   -0.07614    0.53033
 315.00000   45.00000   -0.07614    0.69704
 315.00000   60.00000   -0.07614    0.73248
 315.00000   75.00000    0.05513    1.03046
 330.00000  -75.00000   -0.56577   -0.37411
 330.00000  -60.00000   -0.56577   -0.33867
 330.00000  -45.00000   -0.30323   -0.17195
 330.00000  -30.00000   -0.17196   -0.13651
 330.00000  -15.00000   -0.17196    0.16147
 330.00000    0.00000   -0.04070    0.19691
 330.00000   15.00000   -0.17196    0.36362
 330.00000   30.00000   -0.30323    0.53033
 330.00000   45.00000    0.09057    0.56577
 330.00000   60.00000   -0.17196    0.73248
 330.00000   75.00000    0.09057    1.03046
 345.00000  -75.00000   -0.66159   -0.37411
 345.00000  -60.00000   -0.66159   -0.33867
 345.00000  -45.00000   -0.26779   -0.30322
 345.00000  -30.00000   -0.26779   -0.13651
 345.00000  -15.00000   -0.13652    0.03020
 345.00000    0.00000   -0.13652    0.19691
 345.00000   15.00000   -0.13652    0.23235
 345.00000   30.00000   -0.00525    0.39906
 345.00000   45.00000   -0.00525    0.56577
 345.00000   60.00000   -0.26779    0.73248
 345.00000   75.00000    0.25728    0.76792
 360.00000  -75.00000   -0.36361   -0.50538
 360.00000  -60.00000   -0.36361   -0.33867
 360.00000  -45.00000   -0.23235   -0.17195
 360.00000  -30.00000   -0.23235   -0.13651
 360.00000  -15.00000   -0.23235    0.03020
 360.00000    0.00000   -0.36361    0.19691
 360.00000   15.00000   -0.10108    0.23235
 360.00000   30.00000    0.03019    0.53033
 360.00000   45.00000    0.03019    0.56577
 360.00000   60.00000    0.03019    0.73248
 360.00000   75.00000    0.03019    0.89919
 375.00000  -75.00000   -0.45944   -0.24284
 375.00000  -60.00000   -0.45944   -0.33867
 375.00000  -45.00000   -0.32817   -0.30322
 375.00000  -30.00000   -0.32817   -0.13651
 375.00000  -15.00000   -0.19690    0.03020
 375.00000    0.00000   -0.06564    0.06564
 375.00000   15.00000   -0.06564    0.36362
 375.00000   30.00000    0.06563    0.39906
 375.00000   45.00000    0.06563    0.56577
 375.00000   60.00000    0.06563    0.60121
 375.00000   75.00000    0.32817    0.76792
 390.00000  -75.00000   -0.55527   -0.37411
 390.00000  -60.00000   -0.68653   -0.33867
 390.00000  -45.00000   -0.29273   -0.17195
 390.00000  -30.00000   -0.29273   -0.13651
 390.00000  -15.00000   -0.16146   -0.10107
 390.00000    0.00000   -0.42400    0.06564
 390.00000   15.00000   -0.03019    0.23235
 390.00000   30.00000   -0.03019    0.39906
 390.00000   45.00000    0.10107    0.56577
 390.00000   60.00000   -0.03019    0.46995
 390.00000   75.00000    0.23234    0.63666
 405.00000  -75.00000   -0.65109   -0.37411
 405.00000  -60.00000   -0.51982   -0.20740
 405.00000  -45.00000   -0.38856   -0.17195
 405.00000  -30.00000   -0.25729   -0.13651
 405.00000  -15.00000   -0.12602   -0.10107
 405.00000    0.00000   -0.38856    0.06564
 405.00000   15.00000    0.13652    0.23235
 405.00000   30.00000    0.00525    0.26779
 405.00000   45.00000    0.00525    0.43450
 405.00000   60.00000    0.00525    0.60121
 405.00000   75.00000    0.13652    0.76792
 420.00000  -75.00000   -0.74692   -0.50538
 420.00000  -60.00000   -0.61565   -0.33867
 420.00000  -45.00000   -0.22185   -0.17195
 420.00000  -30.00000   -0.35311   -0.13651
 420.00000  -15.00000   -0.22185   -0.10107
 420.00000    0.00000    0.04069    0.06564
 420.00000   15.00000   -0.09058    0.10108
 420.00000   30.00000   -0.09058    0.39906
 420.00000   45.00000    0.04069    0.43450
 420.00000   60.00000    0.04069    0.46995
 420.00000   75.00000    0.17196    0.63666
 435.00000  -75.00000   -0.58021   -0.37411
 435.00000  -60.00000   -0.58021   -0.33867
 435.00000  -45.00000   -0.44894   -0.30322
 435.00000  -30.00000   -0.31767   -0.13651
 435.00000  -15.00000   -0.44894   -0.10107
 435.00000    0.00000   -0.18640    0.06564
 435.00000   15.00000   -0.05513    0.10108
 435.00000   30.00000    0.20740    0.26779
 435.00000   45.00000    0.07613    0.43450
 435.00000   60.00000    0.07613    0.46995
 435.00000   75.00000    0.20740    0.63666
 450.00000  -75.00000   -0.67603   -0.50538
 450.00000  -60.00000   -0.54476   -0.46993
 450.00000  -45.00000   -0.54476   -0.30322
 450.00000  -30.00000   -0.41350   -0.26778
 450.00000  -15.00000   -0.28223    0.03020
 450.00000    0.00000   -0.28223    0.06564
 450.00000   15.00000   -0.01969    0.10108
 450.00000   30.00000   -0.41350    0.26779
 450.00000   45.00000   -0.28223    0.30324
 450.00000   60.00000   -0.01969    0.46995
 450.00000   75.00000    0.11158    0.63666
 465.00000  -75.00000   -0.64059   -0.63664
 465.00000  -60.00000   -0.64059   -0.46993
 465.00000  -45.00000   -0.50932   -0.43449
 465.00000  -30.00000   -0.50932   -0.26778
 465.00000  -15.00000   -0.37805   -0.23234
 465.00000    0.00000   -0.11552   -0.06563
 465.00000   15.00000   -0.24679    0.10108
 465.00000   30.00000   -0.11552    0.26779
 465.00000   45.00000   -0.24679    0.30324
 465.00000   60.00000    0.01575    0.46995
 465.00000   75.00000   -0.11552    0.63666
 480.00000  -75.00000   -0.73642   -0.50538
 480.00000  -60.00000   -0.60515   -0.46993
 480.00000  -45.00000   -0.60515   -0.30322
 480.00000  -30.00000   -0.47388   -0.26778
 480.00000  -15.00000   -0.47388   -0.23234
 480.00000    0.00000   -0.34261   -0.06563
 480.00000   15.00000   -0.21134    0.10108
 480.00000   30.00000   -0.21134    0.26779
 480.00000   45.00000   -0.08008    0.30324
 480.00000   60.00000   -0.08008    0.33868
 480.00000   75.00000    0.05119    0.50539
